fid,class_id,class_name,kode,alasan
0,1,Sawah,VALID,
1,1,Sawah,V5,
2,1,Sawah,V5,
3,1,Sawah,V5,
4,1,Sawah,V5,
5,1,Sawah,VALID,
6,1,Sawah,V5,
7,1,Sawah,V5,
8,1,Sawah,V5,
9,1,Sawah,V5,
10,1,Sawah,V5,
11,1,Sawah,V5,
12,1,Sawah,V5,
13,1,Sawah,V5,
14,1,Sawah,V5,
15,1,Sawah,V5,
16,1,Sawah,VALID,
17,1,Sawah,V5,
18,1,Sawah,V5,
19,1,Sawah,V5,
20,1,Sawah,VALID,
21,1,Sawah,V5,
22,1,Sawah,V5,
23,1,Sawah,V5,
24,1,Sawah,V5,
25,1,Sawah,V5,
26,1,Sawah,V5,
27,1,Sawah,V5,
28,1,Sawah,V5,
29,1,Sawah,V5,
30,1,Sawah,V5,
31,1,Sawah,V5,
32,1,Sawah,V5,
33,1,Sawah,V5,
34,1,Sawah,V5,
35,1,Sawah,V5,
36,1,Sawah,V5,
37,1,Sawah,V5,
38,1,Sawah,V5,
39,1,Sawah,V5,
40,1,Sawah,V5,
41,1,Sawah,V5,
42,1,Sawah,V5,
43,1,Sawah,V6,overlap lintas kelas > 0.05
44,1,Sawah,V5,
45,1,Sawah,VALID,
46,1,Sawah,V5,
47,1,Sawah,V5,
48,1,Sawah,VALID,
49,1,Sawah,V5,
50,1,Sawah,VALID,
51,1,Sawah,V5,
52,1,Sawah,V5,
53,1,Sawah,V5,
54,1,Sawah,V5,
55,1,Sawah,V5,
56,1,Sawah,V5,
57,1,Sawah,V5,
58,1,Sawah,V5,
59,1,Sawah,V5,
60,1,Sawah,V5,
61,1,Sawah,V5,
62,1,Sawah,V5,
63,1,Sawah,V5,
64,1,Sawah,V5,
65,1,Sawah,V5,
66,1,Sawah,VALID,
67,1,Sawah,V5,
68,1,Sawah,VALID,
69,1,Sawah,V5,
70,1,Sawah,V5,
71,1,Sawah,V5,
72,1,Sawah,VALID,
73,1,Sawah,V5,
74,1,Sawah,V5,
75,1,Sawah,V6,overlap lintas kelas > 0.05
76,1,Sawah,V5,
77,1,Sawah,V5,
78,1,Sawah,V5,
79,1,Sawah,V6,overlap lintas kelas > 0.05
80,1,Sawah,V5,
81,1,Sawah,VALID,
82,1,Sawah,V5,
83,1,Sawah,V5,
84,1,Sawah,V5,
85,1,Sawah,V5,
86,1,Sawah,V5,
87,1,Sawah,V5,
88,1,Sawah,V5,
89,1,Sawah,V5,
90,1,Sawah,VALID,
91,1,Sawah,V5,
92,1,Sawah,V5,
93,1,Sawah,V5,
94,1,Sawah,V5,
95,1,Sawah,V5,
96,1,Sawah,V5,
97,1,Sawah,V5,
98,1,Sawah,V5,
99,1,Sawah,VALID,
100,1,Sawah,VALID,
101,1,Sawah,V5,
102,1,Sawah,V5,
103,1,Sawah,V5,
104,1,Sawah,VALID,
105,1,Sawah,V5,
106,1,Sawah,VALID,
107,1,Sawah,V5,
108,1,Sawah,VALID,
109,1,Sawah,VALID,
110,1,Sawah,V5,
111,1,Sawah,VALID,
112,1,Sawah,V5,
113,1,Sawah,VALID,
114,1,Sawah,V5,
115,1,Sawah,V5,
116,1,Sawah,V5,
117,1,Sawah,V5,
118,1,Sawah,V5,
119,1,Sawah,VALID,
120,1,Sawah,V5,
121,1,Sawah,V5,
122,1,Sawah,V5,
123,1,Sawah,V5,
124,1,Sawah,V5,
125,1,Sawah,V5,
126,1,Sawah,V5,
127,1,Sawah,VALID,
128,1,Sawah,VALID,
129,1,Sawah,V5,
130,1,Sawah,V5,
131,1,Sawah,V5,
132,1,Sawah,VALID,
133,1,Sawah,V5,
134,1,Sawah,V5,
135,1,Sawah,V5,
136,1,Sawah,V5,
137,1,Sawah,V5,
138,1,Sawah,V5,
139,1,Sawah,VALID,
140,1,Sawah,V5,
141,1,Sawah,V5,
142,1,Sawah,V5,
143,1,Sawah,V5,
144,1,Sawah,V5,
145,1,Sawah,V5,
146,1,Sawah,V6,overlap lintas kelas > 0.05
147,1,Sawah,V5,
148,1,Sawah,V5,
149,1,Sawah,V5,
150,1,Sawah,V5,
151,1,Sawah,V5,
152,1,Sawah,V5,
153,1,Sawah,V5,
154,1,Sawah,VALID,
155,1,Sawah,V5,
156,1,Sawah,V5,
157,1,Sawah,V5,
158,1,Sawah,V5,
159,1,Sawah,V5,
160,1,Sawah,VALID,
161,1,Sawah,V5,
162,1,Sawah,V5,
163,1,Sawah,V5,
164,1,Sawah,V5,
165,1,Sawah,V5,
166,1,Sawah,V5,
167,1,Sawah,V5,
168,1,Sawah,VALID,
169,1,Sawah,V5,
170,1,Sawah,V5,
171,1,Sawah,V5,
172,1,Sawah,V5,
173,1,Sawah,V5,
174,1,Sawah,V5,
175,1,Sawah,V5,
176,1,Sawah,VALID,
177,1,Sawah,VALID,
178,1,Sawah,V5,
179,1,Sawah,V5,
180,1,Sawah,VALID,
181,1,Sawah,V5,
182,1,Sawah,V5,
183,1,Sawah,VALID,
184,1,Sawah,V5,
185,1,Sawah,V5,
186,1,Sawah,V5,
187,1,Sawah,VALID,
188,1,Sawah,V5,
189,1,Sawah,VALID,
190,1,Sawah,VALID,
191,1,Sawah,V5,
192,1,Sawah,V5,
193,1,Sawah,V5,
194,1,Sawah,V5,
195,1,Sawah,V5,
196,1,Sawah,V5,
197,1,Sawah,V5,
198,1,Sawah,V5,
199,1,Sawah,V5,
200,1,Sawah,V5,
201,1,Sawah,V5,
202,1,Sawah,V5,
203,1,Sawah,V5,
204,1,Sawah,V5,
205,1,Sawah,V5,
206,1,Sawah,VALID,
207,1,Sawah,V5,
208,1,Sawah,V5,
209,1,Sawah,V5,
210,1,Sawah,V5,
211,1,Sawah,V5,
212,1,Sawah,VALID,
213,1,Sawah,V5,
214,1,Sawah,V5,
215,1,Sawah,V5,
216,1,Sawah,V5,
217,1,Sawah,V5,
218,1,Sawah,VALID,
219,1,Sawah,VALID,
220,1,Sawah,VALID,
221,1,Sawah,V5,
222,1,Sawah,V5,
223,1,Sawah,V5,
224,1,Sawah,VALID,
225,1,Sawah,V5,
226,1,Sawah,VALID,
227,1,Sawah,V5,
228,1,Sawah,V5,
229,1,Sawah,V5,
230,1,Sawah,V5,
231,1,Sawah,V5,
232,1,Sawah,V5,
233,1,Sawah,VALID,
234,1,Sawah,V5,
235,1,Sawah,V5,
236,1,Sawah,V5,
237,1,Sawah,V5,
238,1,Sawah,V5,
239,1,Sawah,V5,
240,1,Sawah,V5,
241,1,Sawah,V5,
242,1,Sawah,V5,
243,1,Sawah,V5,
244,1,Sawah,V5,
245,1,Sawah,VALID,
246,1,Sawah,V5,
247,1,Sawah,V5,
248,1,Sawah,V5,
249,1,Sawah,V5,
250,1,Sawah,V5,
251,1,Sawah,V5,
252,1,Sawah,V5,
253,1,Sawah,V5,
254,1,Sawah,V5,
255,1,Sawah,V5,
256,1,Sawah,V5,
257,1,Sawah,V5,
258,1,Sawah,V5,
259,1,Sawah,V5,
260,1,Sawah,V5,
261,1,Sawah,V5,
262,1,Sawah,V5,
263,1,Sawah,V5,
264,1,Sawah,VALID,
265,1,Sawah,V5,
266,1,Sawah,V5,
267,1,Sawah,V5,
268,1,Sawah,V5,
269,1,Sawah,V5,
270,1,Sawah,V5,
271,1,Sawah,V5,
272,1,Sawah,V5,
273,1,Sawah,V5,
274,1,Sawah,V5,
275,1,Sawah,V5,
276,1,Sawah,V5,
277,1,Sawah,V5,
278,1,Sawah,V5,
279,1,Sawah,V5,
280,1,Sawah,VALID,
281,1,Sawah,VALID,
282,1,Sawah,V5,
283,1,Sawah,V5,
284,1,Sawah,VALID,
285,1,Sawah,VALID,
286,1,Sawah,V5,
287,1,Sawah,V5,
288,1,Sawah,V5,
289,1,Sawah,V5,
290,1,Sawah,V5,
291,1,Sawah,VALID,
292,1,Sawah,VALID,
293,1,Sawah,V5,
294,1,Sawah,V5,
295,1,Sawah,V5,
296,1,Sawah,V5,
297,1,Sawah,V5,
298,1,Sawah,V5,
299,1,Sawah,V5,
300,1,Sawah,VALID,
301,1,Sawah,VALID,
302,1,Sawah,V5,
303,1,Sawah,V5,
304,1,Sawah,V5,
305,1,Sawah,VALID,
306,1,Sawah,V5,
307,1,Sawah,VALID,
308,1,Sawah,V5,
309,1,Sawah,V5,
310,1,Sawah,VALID,
311,1,Sawah,V5,
312,1,Sawah,VALID,
313,1,Sawah,V5,
314,1,Sawah,V5,
315,1,Sawah,VALID,
316,1,Sawah,V5,
317,1,Sawah,V5,
318,1,Sawah,VALID,
319,1,Sawah,VALID,
320,1,Sawah,VALID,
321,1,Sawah,V5,
322,1,Sawah,V5,
323,1,Sawah,V5,
324,1,Sawah,V5,
325,1,Sawah,V5,
326,1,Sawah,V5,
327,1,Sawah,V5,
328,1,Sawah,VALID,
329,1,Sawah,V5,
330,1,Sawah,V5,
331,1,Sawah,V5,
332,1,Sawah,V5,
333,1,Sawah,V5,
334,1,Sawah,V5,
335,1,Sawah,VALID,
336,1,Sawah,V5,
337,1,Sawah,VALID,
338,1,Sawah,V5,
339,1,Sawah,V5,
340,1,Sawah,V5,
341,1,Sawah,V5,
342,1,Sawah,V5,
343,1,Sawah,V5,
344,1,Sawah,VALID,
345,1,Sawah,VALID,
346,1,Sawah,V5,
347,1,Sawah,V5,
348,1,Sawah,VALID,
349,1,Sawah,V5,
350,1,Sawah,V5,
351,1,Sawah,V5,
352,1,Sawah,V5,
353,1,Sawah,V5,
354,1,Sawah,V5,
355,1,Sawah,V5,
356,1,Sawah,V5,
357,1,Sawah,V5,
358,1,Sawah,V5,
359,1,Sawah,V5,
360,1,Sawah,V5,
361,1,Sawah,V5,
362,1,Sawah,V5,
363,1,Sawah,V5,
364,1,Sawah,V5,
365,1,Sawah,V5,
366,1,Sawah,VALID,
367,1,Sawah,VALID,
368,1,Sawah,V5,
369,1,Sawah,V5,
370,1,Sawah,V5,
371,1,Sawah,V5,
372,1,Sawah,V5,
373,1,Sawah,V5,
374,1,Sawah,V5,
375,1,Sawah,V5,
376,1,Sawah,VALID,
377,1,Sawah,V5,
378,1,Sawah,V5,
379,1,Sawah,VALID,
380,1,Sawah,V5,
381,1,Sawah,V5,
382,1,Sawah,V5,
383,1,Sawah,V5,
384,1,Sawah,V5,
385,1,Sawah,V5,
386,1,Sawah,V5,
387,1,Sawah,V5,
388,1,Sawah,V5,
389,1,Sawah,V5,
390,1,Sawah,VALID,
391,1,Sawah,V5,
392,1,Sawah,VALID,
393,1,Sawah,VALID,
394,1,Sawah,V5,
395,1,Sawah,V5,
396,1,Sawah,VALID,
397,1,Sawah,V5,
398,1,Sawah,V5,
399,1,Sawah,V5,
400,1,Sawah,V5,
401,1,Sawah,VALID,
402,1,Sawah,V5,
403,1,Sawah,V5,
404,1,Sawah,V5,
405,1,Sawah,VALID,
406,1,Sawah,V5,
407,1,Sawah,V5,
408,1,Sawah,V5,
409,1,Sawah,V5,
410,1,Sawah,V5,
411,1,Sawah,V5,
412,1,Sawah,V5,
413,1,Sawah,V5,
414,1,Sawah,V5,
415,1,Sawah,V5,
416,1,Sawah,V5,
417,1,Sawah,V5,
418,1,Sawah,V5,
419,1,Sawah,VALID,
420,1,Sawah,V5,
421,1,Sawah,V5,
422,1,Sawah,V5,
423,1,Sawah,V5,
424,1,Sawah,V5,
425,1,Sawah,V5,
426,1,Sawah,V5,
427,1,Sawah,V5,
428,1,Sawah,V5,
429,1,Sawah,V5,
430,1,Sawah,V5,
431,1,Sawah,V5,
432,1,Sawah,V5,
433,1,Sawah,V5,
434,1,Sawah,V5,
435,1,Sawah,V5,
436,1,Sawah,V5,
437,1,Sawah,V5,
438,1,Sawah,VALID,
439,1,Sawah,V5,
440,1,Sawah,V5,
441,1,Sawah,V5,
442,1,Sawah,V5,
443,1,Sawah,V5,
444,1,Sawah,V5,
445,1,Sawah,V5,
446,1,Sawah,V5,
447,1,Sawah,V5,
448,1,Sawah,V5,
449,1,Sawah,V5,
450,1,Sawah,V5,
451,1,Sawah,V5,
452,1,Sawah,V5,
453,1,Sawah,VALID,
454,1,Sawah,V5,
455,1,Sawah,V5,
456,1,Sawah,V5,
457,1,Sawah,VALID,
458,1,Sawah,V5,
459,1,Sawah,V5,
460,1,Sawah,V5,
461,1,Sawah,VALID,
462,1,Sawah,V5,
463,1,Sawah,V5,
464,1,Sawah,V5,
465,1,Sawah,VALID,
466,1,Sawah,V5,
467,1,Sawah,V5,
468,1,Sawah,VALID,
469,1,Sawah,VALID,
470,1,Sawah,V5,
471,1,Sawah,V5,
472,1,Sawah,V5,
473,1,Sawah,V5,
474,1,Sawah,V5,
475,1,Sawah,V5,
476,1,Sawah,V5,
477,1,Sawah,V6,overlap lintas kelas > 0.05
478,1,Sawah,V5,
479,1,Sawah,VALID,
480,1,Sawah,V5,
481,1,Sawah,V5,
482,1,Sawah,V5,
483,1,Sawah,V5,
484,1,Sawah,V5,
485,1,Sawah,V5,
486,1,Sawah,VALID,
487,1,Sawah,V5,
488,1,Sawah,V5,
489,1,Sawah,V5,
490,1,Sawah,V5,
491,1,Sawah,V5,
492,1,Sawah,V5,
493,1,Sawah,V5,
494,1,Sawah,V5,
495,1,Sawah,V5,
496,1,Sawah,V5,
497,1,Sawah,V5,
498,1,Sawah,V5,
499,1,Sawah,VALID,
500,2,Bangunan / Permukiman,VALID,
501,2,Bangunan / Permukiman,V5,
502,2,Bangunan / Permukiman,VALID,
503,2,Bangunan / Permukiman,VALID,
504,2,Bangunan / Permukiman,VALID,
505,2,Bangunan / Permukiman,VALID,
506,2,Bangunan / Permukiman,V5,
507,2,Bangunan / Permukiman,VALID,
508,2,Bangunan / Permukiman,V5,
509,2,Bangunan / Permukiman,V5,
510,2,Bangunan / Permukiman,V5,
511,2,Bangunan / Permukiman,V5,
512,2,Bangunan / Permukiman,V5,
513,2,Bangunan / Permukiman,VALID,
514,2,Bangunan / Permukiman,V5,
515,2,Bangunan / Permukiman,VALID,
516,2,Bangunan / Permukiman,VALID,
517,2,Bangunan / Permukiman,VALID,
518,2,Bangunan / Permukiman,V5,
519,2,Bangunan / Permukiman,VALID,
520,2,Bangunan / Permukiman,VALID,
521,2,Bangunan / Permukiman,V5,
522,2,Bangunan / Permukiman,V5,
523,2,Bangunan / Permukiman,VALID,
524,2,Bangunan / Permukiman,V5,
525,2,Bangunan / Permukiman,V5,
526,2,Bangunan / Permukiman,VALID,
527,2,Bangunan / Permukiman,V5,
528,2,Bangunan / Permukiman,V5,
529,2,Bangunan / Permukiman,VALID,
530,2,Bangunan / Permukiman,VALID,
531,2,Bangunan / Permukiman,V5,
532,2,Bangunan / Permukiman,VALID,
533,2,Bangunan / Permukiman,V5,
534,2,Bangunan / Permukiman,V5,
535,2,Bangunan / Permukiman,VALID,
536,2,Bangunan / Permukiman,VALID,
537,2,Bangunan / Permukiman,VALID,
538,2,Bangunan / Permukiman,V5,
539,2,Bangunan / Permukiman,VALID,
540,2,Bangunan / Permukiman,VALID,
541,2,Bangunan / Permukiman,VALID,
542,2,Bangunan / Permukiman,V5,
543,2,Bangunan / Permukiman,VALID,
544,2,Bangunan / Permukiman,VALID,
545,2,Bangunan / Permukiman,V5,
546,2,Bangunan / Permukiman,VALID,
547,2,Bangunan / Permukiman,V5,
548,2,Bangunan / Permukiman,V5,
549,2,Bangunan / Permukiman,VALID,
550,2,Bangunan / Permukiman,V5,
551,2,Bangunan / Permukiman,VALID,
552,2,Bangunan / Permukiman,V5,
553,2,Bangunan / Permukiman,V5,
554,2,Bangunan / Permukiman,VALID,
555,2,Bangunan / Permukiman,VALID,
556,2,Bangunan / Permukiman,VALID,
557,2,Bangunan / Permukiman,V5,
558,2,Bangunan / Permukiman,V5,
559,2,Bangunan / Permukiman,V5,
560,2,Bangunan / Permukiman,VALID,
561,2,Bangunan / Permukiman,V6,overlap lintas kelas > 0.05
562,2,Bangunan / Permukiman,V5,
563,2,Bangunan / Permukiman,V5,
564,2,Bangunan / Permukiman,VALID,
565,2,Bangunan / Permukiman,VALID,
566,2,Bangunan / Permukiman,V5,
567,2,Bangunan / Permukiman,VALID,
568,2,Bangunan / Permukiman,V5,
569,2,Bangunan / Permukiman,V6,overlap lintas kelas > 0.05
570,2,Bangunan / Permukiman,VALID,
571,2,Bangunan / Permukiman,VALID,
572,2,Bangunan / Permukiman,VALID,
573,2,Bangunan / Permukiman,V5,
574,2,Bangunan / Permukiman,VALID,
575,2,Bangunan / Permukiman,VALID,
576,2,Bangunan / Permukiman,V5,
577,2,Bangunan / Permukiman,V5,
578,2,Bangunan / Permukiman,VALID,
579,2,Bangunan / Permukiman,V5,
580,2,Bangunan / Permukiman,VALID,
581,2,Bangunan / Permukiman,VALID,
582,2,Bangunan / Permukiman,VALID,
583,2,Bangunan / Permukiman,V5,
584,2,Bangunan / Permukiman,V5,
585,2,Bangunan / Permukiman,V5,
586,2,Bangunan / Permukiman,VALID,
587,2,Bangunan / Permukiman,VALID,
588,2,Bangunan / Permukiman,V5,
589,2,Bangunan / Permukiman,VALID,
590,2,Bangunan / Permukiman,VALID,
591,2,Bangunan / Permukiman,V5,
592,2,Bangunan / Permukiman,V5,
593,2,Bangunan / Permukiman,V5,
594,2,Bangunan / Permukiman,V5,
595,2,Bangunan / Permukiman,V5,
596,2,Bangunan / Permukiman,VALID,
597,2,Bangunan / Permukiman,V5,
598,2,Bangunan / Permukiman,VALID,
599,2,Bangunan / Permukiman,V5,
600,2,Bangunan / Permukiman,VALID,
601,2,Bangunan / Permukiman,VALID,
602,2,Bangunan / Permukiman,V5,
603,2,Bangunan / Permukiman,VALID,
604,2,Bangunan / Permukiman,VALID,
605,2,Bangunan / Permukiman,VALID,
606,2,Bangunan / Permukiman,V5,
607,2,Bangunan / Permukiman,V5,
608,2,Bangunan / Permukiman,VALID,
609,2,Bangunan / Permukiman,V5,
610,2,Bangunan / Permukiman,VALID,
611,2,Bangunan / Permukiman,VALID,
612,2,Bangunan / Permukiman,V5,
613,2,Bangunan / Permukiman,VALID,
614,2,Bangunan / Permukiman,V5,
615,2,Bangunan / Permukiman,V5,
616,2,Bangunan / Permukiman,V5,
617,2,Bangunan / Permukiman,V5,
618,2,Bangunan / Permukiman,VALID,
619,2,Bangunan / Permukiman,VALID,
620,2,Bangunan / Permukiman,VALID,
621,2,Bangunan / Permukiman,V5,
622,2,Bangunan / Permukiman,V5,
623,2,Bangunan / Permukiman,V5,
624,2,Bangunan / Permukiman,V5,
625,2,Bangunan / Permukiman,VALID,
626,2,Bangunan / Permukiman,V5,
627,2,Bangunan / Permukiman,VALID,
628,2,Bangunan / Permukiman,V5,
629,2,Bangunan / Permukiman,V5,
630,2,Bangunan / Permukiman,VALID,
631,2,Bangunan / Permukiman,V5,
632,2,Bangunan / Permukiman,VALID,
633,2,Bangunan / Permukiman,VALID,
634,2,Bangunan / Permukiman,VALID,
635,2,Bangunan / Permukiman,VALID,
636,2,Bangunan / Permukiman,V5,
637,2,Bangunan / Permukiman,V5,
638,2,Bangunan / Permukiman,VALID,
639,2,Bangunan / Permukiman,VALID,
640,2,Bangunan / Permukiman,V5,
641,2,Bangunan / Permukiman,VALID,
642,2,Bangunan / Permukiman,V5,
643,2,Bangunan / Permukiman,VALID,
644,2,Bangunan / Permukiman,V5,
645,2,Bangunan / Permukiman,VALID,
646,2,Bangunan / Permukiman,VALID,
647,2,Bangunan / Permukiman,V5,
648,2,Bangunan / Permukiman,V5,
649,2,Bangunan / Permukiman,V5,
650,2,Bangunan / Permukiman,V5,
651,2,Bangunan / Permukiman,VALID,
652,2,Bangunan / Permukiman,VALID,
653,2,Bangunan / Permukiman,VALID,
654,2,Bangunan / Permukiman,VALID,
655,2,Bangunan / Permukiman,VALID,
656,2,Bangunan / Permukiman,V5,
657,2,Bangunan / Permukiman,VALID,
658,2,Bangunan / Permukiman,VALID,
659,2,Bangunan / Permukiman,VALID,
660,2,Bangunan / Permukiman,VALID,
661,2,Bangunan / Permukiman,V5,
662,2,Bangunan / Permukiman,V5,
663,2,Bangunan / Permukiman,V5,
664,2,Bangunan / Permukiman,V5,
665,2,Bangunan / Permukiman,V5,
666,2,Bangunan / Permukiman,VALID,
667,2,Bangunan / Permukiman,VALID,
668,2,Bangunan / Permukiman,V5,
669,2,Bangunan / Permukiman,VALID,
670,2,Bangunan / Permukiman,V5,
671,2,Bangunan / Permukiman,V5,
672,2,Bangunan / Permukiman,V5,
673,2,Bangunan / Permukiman,V5,
674,2,Bangunan / Permukiman,V5,
675,2,Bangunan / Permukiman,VALID,
676,2,Bangunan / Permukiman,VALID,
677,2,Bangunan / Permukiman,VALID,
678,2,Bangunan / Permukiman,VALID,
679,2,Bangunan / Permukiman,VALID,
680,2,Bangunan / Permukiman,VALID,
681,2,Bangunan / Permukiman,VALID,
682,2,Bangunan / Permukiman,VALID,
683,2,Bangunan / Permukiman,V5,
684,2,Bangunan / Permukiman,VALID,
685,2,Bangunan / Permukiman,VALID,
686,2,Bangunan / Permukiman,V5,
687,2,Bangunan / Permukiman,V5,
688,2,Bangunan / Permukiman,V5,
689,2,Bangunan / Permukiman,VALID,
690,2,Bangunan / Permukiman,VALID,
691,2,Bangunan / Permukiman,V5,
692,2,Bangunan / Permukiman,V5,
693,2,Bangunan / Permukiman,V5,
694,2,Bangunan / Permukiman,V5,
695,2,Bangunan / Permukiman,VALID,
696,2,Bangunan / Permukiman,VALID,
697,2,Bangunan / Permukiman,V5,
698,2,Bangunan / Permukiman,VALID,
699,2,Bangunan / Permukiman,V5,
700,2,Bangunan / Permukiman,V5,
701,2,Bangunan / Permukiman,VALID,
702,2,Bangunan / Permukiman,VALID,
703,2,Bangunan / Permukiman,V5,
704,2,Bangunan / Permukiman,V5,
705,2,Bangunan / Permukiman,V5,
706,2,Bangunan / Permukiman,V5,
707,2,Bangunan / Permukiman,VALID,
708,2,Bangunan / Permukiman,VALID,
709,2,Bangunan / Permukiman,VALID,
710,2,Bangunan / Permukiman,V5,
711,2,Bangunan / Permukiman,VALID,
712,2,Bangunan / Permukiman,VALID,
713,2,Bangunan / Permukiman,VALID,
714,2,Bangunan / Permukiman,VALID,
715,2,Bangunan / Permukiman,VALID,
716,2,Bangunan / Permukiman,V5,
717,2,Bangunan / Permukiman,V5,
718,2,Bangunan / Permukiman,V5,
719,2,Bangunan / Permukiman,VALID,
720,2,Bangunan / Permukiman,VALID,
721,2,Bangunan / Permukiman,VALID,
722,2,Bangunan / Permukiman,V5,
723,2,Bangunan / Permukiman,V5,
724,2,Bangunan / Permukiman,V5,
725,2,Bangunan / Permukiman,VALID,
726,2,Bangunan / Permukiman,V5,
727,2,Bangunan / Permukiman,VALID,
728,2,Bangunan / Permukiman,VALID,
729,2,Bangunan / Permukiman,V5,
730,2,Bangunan / Permukiman,VALID,
731,2,Bangunan / Permukiman,VALID,
732,2,Bangunan / Permukiman,V5,
733,2,Bangunan / Permukiman,VALID,
734,2,Bangunan / Permukiman,VALID,
735,2,Bangunan / Permukiman,VALID,
736,2,Bangunan / Permukiman,VALID,
737,2,Bangunan / Permukiman,V5,
738,2,Bangunan / Permukiman,V5,
739,2,Bangunan / Permukiman,VALID,
740,2,Bangunan / Permukiman,V5,
741,2,Bangunan / Permukiman,V5,
742,2,Bangunan / Permukiman,V5,
743,2,Bangunan / Permukiman,V5,
744,2,Bangunan / Permukiman,V5,
745,2,Bangunan / Permukiman,VALID,
746,2,Bangunan / Permukiman,V5,
747,2,Bangunan / Permukiman,VALID,
748,2,Bangunan / Permukiman,V5,
749,2,Bangunan / Permukiman,V5,
750,2,Bangunan / Permukiman,V5,
751,2,Bangunan / Permukiman,VALID,
752,2,Bangunan / Permukiman,V5,
753,2,Bangunan / Permukiman,V5,
754,2,Bangunan / Permukiman,V5,
755,2,Bangunan / Permukiman,V5,
756,2,Bangunan / Permukiman,VALID,
757,2,Bangunan / Permukiman,VALID,
758,2,Bangunan / Permukiman,VALID,
759,2,Bangunan / Permukiman,VALID,
760,2,Bangunan / Permukiman,VALID,
761,2,Bangunan / Permukiman,VALID,
762,2,Bangunan / Permukiman,VALID,
763,2,Bangunan / Permukiman,VALID,
764,2,Bangunan / Permukiman,VALID,
765,2,Bangunan / Permukiman,VALID,
766,2,Bangunan / Permukiman,V5,
767,2,Bangunan / Permukiman,V5,
768,2,Bangunan / Permukiman,VALID,
769,2,Bangunan / Permukiman,VALID,
770,2,Bangunan / Permukiman,VALID,
771,2,Bangunan / Permukiman,V5,
772,2,Bangunan / Permukiman,VALID,
773,2,Bangunan / Permukiman,V5,
774,2,Bangunan / Permukiman,VALID,
775,2,Bangunan / Permukiman,V5,
776,2,Bangunan / Permukiman,V5,
777,2,Bangunan / Permukiman,VALID,
778,2,Bangunan / Permukiman,V5,
779,2,Bangunan / Permukiman,V5,
780,2,Bangunan / Permukiman,VALID,
781,2,Bangunan / Permukiman,VALID,
782,2,Bangunan / Permukiman,VALID,
783,2,Bangunan / Permukiman,V5,
784,2,Bangunan / Permukiman,V5,
785,2,Bangunan / Permukiman,V5,
786,2,Bangunan / Permukiman,V5,
787,2,Bangunan / Permukiman,V5,
788,2,Bangunan / Permukiman,VALID,
789,2,Bangunan / Permukiman,VALID,
790,2,Bangunan / Permukiman,V5,
791,2,Bangunan / Permukiman,VALID,
792,2,Bangunan / Permukiman,V5,
793,2,Bangunan / Permukiman,VALID,
794,2,Bangunan / Permukiman,V5,
795,2,Bangunan / Permukiman,VALID,
796,2,Bangunan / Permukiman,VALID,
797,2,Bangunan / Permukiman,V5,
798,2,Bangunan / Permukiman,VALID,
799,2,Bangunan / Permukiman,VALID,
800,2,Bangunan / Permukiman,V5,
801,2,Bangunan / Permukiman,VALID,
802,2,Bangunan / Permukiman,V5,
803,2,Bangunan / Permukiman,V5,
804,2,Bangunan / Permukiman,V5,
805,2,Bangunan / Permukiman,V5,
806,2,Bangunan / Permukiman,VALID,
807,2,Bangunan / Permukiman,V5,
808,2,Bangunan / Permukiman,V5,
809,2,Bangunan / Permukiman,V5,
810,2,Bangunan / Permukiman,VALID,
811,2,Bangunan / Permukiman,V5,
812,2,Bangunan / Permukiman,V5,
813,2,Bangunan / Permukiman,VALID,
814,2,Bangunan / Permukiman,V5,
815,2,Bangunan / Permukiman,VALID,
816,2,Bangunan / Permukiman,VALID,
817,2,Bangunan / Permukiman,VALID,
818,2,Bangunan / Permukiman,V5,
819,2,Bangunan / Permukiman,V5,
820,2,Bangunan / Permukiman,V5,
821,2,Bangunan / Permukiman,VALID,
822,2,Bangunan / Permukiman,VALID,
823,2,Bangunan / Permukiman,V5,
824,2,Bangunan / Permukiman,V5,
825,2,Bangunan / Permukiman,V5,
826,2,Bangunan / Permukiman,VALID,
827,2,Bangunan / Permukiman,V5,
828,2,Bangunan / Permukiman,VALID,
829,2,Bangunan / Permukiman,V5,
830,2,Bangunan / Permukiman,V5,
831,2,Bangunan / Permukiman,VALID,
832,2,Bangunan / Permukiman,V5,
833,2,Bangunan / Permukiman,V5,
834,2,Bangunan / Permukiman,V5,
835,2,Bangunan / Permukiman,VALID,
836,2,Bangunan / Permukiman,V5,
837,2,Bangunan / Permukiman,V5,
838,2,Bangunan / Permukiman,VALID,
839,2,Bangunan / Permukiman,VALID,
840,2,Bangunan / Permukiman,VALID,
841,2,Bangunan / Permukiman,V5,
842,2,Bangunan / Permukiman,VALID,
843,2,Bangunan / Permukiman,VALID,
844,2,Bangunan / Permukiman,VALID,
845,2,Bangunan / Permukiman,V5,
846,2,Bangunan / Permukiman,VALID,
847,2,Bangunan / Permukiman,VALID,
848,2,Bangunan / Permukiman,V5,
849,2,Bangunan / Permukiman,V5,
850,2,Bangunan / Permukiman,V5,
851,2,Bangunan / Permukiman,V5,
852,2,Bangunan / Permukiman,VALID,
853,2,Bangunan / Permukiman,V5,
854,2,Bangunan / Permukiman,VALID,
855,2,Bangunan / Permukiman,VALID,
856,2,Bangunan / Permukiman,VALID,
857,2,Bangunan / Permukiman,VALID,
858,2,Bangunan / Permukiman,VALID,
859,2,Bangunan / Permukiman,VALID,
860,2,Bangunan / Permukiman,VALID,
861,2,Bangunan / Permukiman,VALID,
862,2,Bangunan / Permukiman,V5,
863,2,Bangunan / Permukiman,V5,
864,2,Bangunan / Permukiman,V5,
865,2,Bangunan / Permukiman,V5,
866,2,Bangunan / Permukiman,VALID,
867,2,Bangunan / Permukiman,VALID,
868,2,Bangunan / Permukiman,V5,
869,2,Bangunan / Permukiman,VALID,
870,2,Bangunan / Permukiman,VALID,
871,2,Bangunan / Permukiman,V5,
872,2,Bangunan / Permukiman,VALID,
873,2,Bangunan / Permukiman,V5,
874,2,Bangunan / Permukiman,VALID,
875,2,Bangunan / Permukiman,VALID,
876,2,Bangunan / Permukiman,VALID,
877,2,Bangunan / Permukiman,VALID,
878,2,Bangunan / Permukiman,VALID,
879,2,Bangunan / Permukiman,VALID,
880,2,Bangunan / Permukiman,V5,
881,2,Bangunan / Permukiman,V5,
882,2,Bangunan / Permukiman,V5,
883,2,Bangunan / Permukiman,VALID,
884,2,Bangunan / Permukiman,VALID,
885,2,Bangunan / Permukiman,VALID,
886,2,Bangunan / Permukiman,V5,
887,2,Bangunan / Permukiman,V5,
888,2,Bangunan / Permukiman,VALID,
889,2,Bangunan / Permukiman,VALID,
890,2,Bangunan / Permukiman,V5,
891,2,Bangunan / Permukiman,VALID,
892,2,Bangunan / Permukiman,V5,
893,2,Bangunan / Permukiman,VALID,
894,2,Bangunan / Permukiman,V5,
895,2,Bangunan / Permukiman,VALID,
896,2,Bangunan / Permukiman,V5,
897,2,Bangunan / Permukiman,V5,
898,2,Bangunan / Permukiman,VALID,
899,2,Bangunan / Permukiman,V5,
900,2,Bangunan / Permukiman,V5,
901,2,Bangunan / Permukiman,VALID,
902,2,Bangunan / Permukiman,VALID,
903,2,Bangunan / Permukiman,VALID,
904,2,Bangunan / Permukiman,VALID,
905,2,Bangunan / Permukiman,V5,
906,2,Bangunan / Permukiman,V5,
907,2,Bangunan / Permukiman,VALID,
908,2,Bangunan / Permukiman,VALID,
909,2,Bangunan / Permukiman,VALID,
910,2,Bangunan / Permukiman,V5,
911,2,Bangunan / Permukiman,V5,
912,2,Bangunan / Permukiman,V5,
913,2,Bangunan / Permukiman,VALID,
914,2,Bangunan / Permukiman,V5,
915,2,Bangunan / Permukiman,VALID,
916,2,Bangunan / Permukiman,V5,
917,2,Bangunan / Permukiman,V5,
918,2,Bangunan / Permukiman,VALID,
919,2,Bangunan / Permukiman,V5,
920,2,Bangunan / Permukiman,V5,
921,2,Bangunan / Permukiman,VALID,
922,2,Bangunan / Permukiman,VALID,
923,2,Bangunan / Permukiman,V5,
924,2,Bangunan / Permukiman,V5,
925,2,Bangunan / Permukiman,VALID,
926,2,Bangunan / Permukiman,V5,
927,2,Bangunan / Permukiman,V5,
928,2,Bangunan / Permukiman,V5,
929,2,Bangunan / Permukiman,VALID,
930,2,Bangunan / Permukiman,VALID,
931,2,Bangunan / Permukiman,V5,
932,2,Bangunan / Permukiman,VALID,
933,2,Bangunan / Permukiman,V5,
934,2,Bangunan / Permukiman,VALID,
935,2,Bangunan / Permukiman,V5,
936,2,Bangunan / Permukiman,V5,
937,2,Bangunan / Permukiman,V5,
938,2,Bangunan / Permukiman,VALID,
939,2,Bangunan / Permukiman,V5,
940,2,Bangunan / Permukiman,V5,
941,2,Bangunan / Permukiman,VALID,
942,2,Bangunan / Permukiman,V5,
943,2,Bangunan / Permukiman,V5,
944,2,Bangunan / Permukiman,V5,
945,2,Bangunan / Permukiman,V5,
946,2,Bangunan / Permukiman,VALID,
947,2,Bangunan / Permukiman,VALID,
948,2,Bangunan / Permukiman,VALID,
949,2,Bangunan / Permukiman,VALID,
950,2,Bangunan / Permukiman,V5,
951,2,Bangunan / Permukiman,V5,
952,2,Bangunan / Permukiman,VALID,
953,2,Bangunan / Permukiman,V5,
954,2,Bangunan / Permukiman,V5,
955,2,Bangunan / Permukiman,V5,
956,2,Bangunan / Permukiman,V5,
957,2,Bangunan / Permukiman,V5,
958,2,Bangunan / Permukiman,VALID,
959,2,Bangunan / Permukiman,VALID,
960,2,Bangunan / Permukiman,VALID,
961,2,Bangunan / Permukiman,VALID,
962,2,Bangunan / Permukiman,VALID,
963,2,Bangunan / Permukiman,VALID,
964,2,Bangunan / Permukiman,VALID,
965,2,Bangunan / Permukiman,VALID,
966,2,Bangunan / Permukiman,V5,
967,2,Bangunan / Permukiman,V5,
968,2,Bangunan / Permukiman,V5,
969,2,Bangunan / Permukiman,VALID,
970,2,Bangunan / Permukiman,V5,
971,2,Bangunan / Permukiman,V5,
972,2,Bangunan / Permukiman,VALID,
973,2,Bangunan / Permukiman,V5,
974,2,Bangunan / Permukiman,V5,
975,2,Bangunan / Permukiman,V5,
976,2,Bangunan / Permukiman,V5,
977,2,Bangunan / Permukiman,VALID,
978,2,Bangunan / Permukiman,VALID,
979,2,Bangunan / Permukiman,V5,
980,2,Bangunan / Permukiman,V5,
981,2,Bangunan / Permukiman,VALID,
982,2,Bangunan / Permukiman,V5,
983,2,Bangunan / Permukiman,V5,
984,2,Bangunan / Permukiman,VALID,
985,2,Bangunan / Permukiman,VALID,
986,2,Bangunan / Permukiman,VALID,
987,2,Bangunan / Permukiman,VALID,
988,2,Bangunan / Permukiman,VALID,
989,2,Bangunan / Permukiman,VALID,
990,2,Bangunan / Permukiman,V5,
991,2,Bangunan / Permukiman,V5,
992,2,Bangunan / Permukiman,VALID,
993,2,Bangunan / Permukiman,V5,
994,2,Bangunan / Permukiman,VALID,
995,2,Bangunan / Permukiman,VALID,
996,2,Bangunan / Permukiman,V5,
997,2,Bangunan / Permukiman,V5,
998,2,Bangunan / Permukiman,V5,
999,2,Bangunan / Permukiman,VALID,
1000,3,Mangrove,V5,
1001,3,Mangrove,VALID,
1002,3,Mangrove,VALID,
1003,3,Mangrove,V5,
1004,3,Mangrove,V5,
1005,3,Mangrove,V5,
1006,3,Mangrove,V5,
1007,3,Mangrove,V5,
1008,3,Mangrove,VALID,
1009,3,Mangrove,VALID,
1010,3,Mangrove,V5,
1011,3,Mangrove,V5,
1012,3,Mangrove,V5,
1013,3,Mangrove,VALID,
1014,3,Mangrove,V5,
1015,3,Mangrove,VALID,
1016,3,Mangrove,VALID,
1017,3,Mangrove,V5,
1018,3,Mangrove,VALID,
1019,3,Mangrove,V6,overlap lintas kelas > 0.05
1020,3,Mangrove,V5,
1021,3,Mangrove,V6,overlap lintas kelas > 0.05
1022,3,Mangrove,V5,
1023,3,Mangrove,V5,
1024,3,Mangrove,V5,
1025,3,Mangrove,V5,
1026,3,Mangrove,VALID,
1027,3,Mangrove,V5,
1028,3,Mangrove,V5,
1029,3,Mangrove,V5,
1030,3,Mangrove,V5,
1031,3,Mangrove,V5,
1032,3,Mangrove,V5,
1033,3,Mangrove,V5,
1034,3,Mangrove,V5,
1035,3,Mangrove,VALID,
1036,3,Mangrove,VALID,
1037,3,Mangrove,VALID,
1038,3,Mangrove,V5,
1039,3,Mangrove,VALID,
1040,3,Mangrove,V5,
1041,3,Mangrove,V5,
1042,3,Mangrove,VALID,
1043,3,Mangrove,V5,
1044,3,Mangrove,V5,
1045,3,Mangrove,V5,
1046,3,Mangrove,V6,overlap lintas kelas > 0.05
1047,3,Mangrove,VALID,
1048,3,Mangrove,VALID,
1049,3,Mangrove,VALID,
1050,3,Mangrove,VALID,
1051,3,Mangrove,VALID,
1052,3,Mangrove,V5,
1053,3,Mangrove,V5,
1054,3,Mangrove,V5,
1055,3,Mangrove,V5,
1056,3,Mangrove,V5,
1057,3,Mangrove,VALID,
1058,3,Mangrove,V5,
1059,3,Mangrove,V5,
1060,3,Mangrove,V5,
1061,3,Mangrove,VALID,
1062,3,Mangrove,V5,
1063,3,Mangrove,V6,overlap lintas kelas > 0.05
1064,3,Mangrove,V5,
1065,3,Mangrove,V5,
1066,3,Mangrove,V5,
1067,3,Mangrove,VALID,
1068,3,Mangrove,V5,
1069,3,Mangrove,V5,
1070,3,Mangrove,V5,
1071,3,Mangrove,V6,overlap lintas kelas > 0.05
1072,3,Mangrove,V5,
1073,3,Mangrove,V5,
1074,3,Mangrove,V5,
1075,3,Mangrove,V5,
1076,3,Mangrove,VALID,
1077,3,Mangrove,V5,
1078,3,Mangrove,V5,
1079,3,Mangrove,V5,
1080,3,Mangrove,V6,overlap lintas kelas > 0.05
1081,3,Mangrove,VALID,
1082,3,Mangrove,V5,
1083,3,Mangrove,VALID,
1084,3,Mangrove,VALID,
1085,3,Mangrove,V5,
1086,3,Mangrove,VALID,
1087,3,Mangrove,VALID,
1088,3,Mangrove,V5,
1089,3,Mangrove,V5,
1090,3,Mangrove,V5,
1091,3,Mangrove,V5,
1092,3,Mangrove,V5,
1093,3,Mangrove,VALID,
1094,3,Mangrove,V5,
1095,3,Mangrove,V5,
1096,3,Mangrove,V6,overlap lintas kelas > 0.05
1097,3,Mangrove,V5,
1098,3,Mangrove,VALID,
1099,3,Mangrove,VALID,
1100,3,Mangrove,VALID,
1101,3,Mangrove,VALID,
1102,3,Mangrove,V5,
1103,3,Mangrove,VALID,
1104,3,Mangrove,V5,
1105,3,Mangrove,V5,
1106,3,Mangrove,V5,
1107,3,Mangrove,V5,
1108,3,Mangrove,V5,
1109,3,Mangrove,VALID,
1110,3,Mangrove,V5,
1111,3,Mangrove,V5,
1112,3,Mangrove,VALID,
1113,3,Mangrove,V5,
1114,3,Mangrove,VALID,
1115,3,Mangrove,V5,
1116,3,Mangrove,V5,
1117,3,Mangrove,V5,
1118,3,Mangrove,VALID,
1119,3,Mangrove,VALID,
1120,3,Mangrove,V5,
1121,3,Mangrove,VALID,
1122,3,Mangrove,VALID,
1123,3,Mangrove,VALID,
1124,3,Mangrove,V5,
1125,3,Mangrove,V5,
1126,3,Mangrove,V5,
1127,3,Mangrove,V5,
1128,3,Mangrove,V6,overlap lintas kelas > 0.05
1129,3,Mangrove,V6,overlap lintas kelas > 0.05
1130,3,Mangrove,VALID,
1131,3,Mangrove,V5,
1132,3,Mangrove,V5,
1133,3,Mangrove,V5,
1134,3,Mangrove,VALID,
1135,3,Mangrove,VALID,
1136,3,Mangrove,V5,
1137,3,Mangrove,V5,
1138,3,Mangrove,VALID,
1139,3,Mangrove,V5,
1140,3,Mangrove,VALID,
1141,3,Mangrove,V5,
1142,3,Mangrove,V5,
1143,3,Mangrove,V5,
1144,3,Mangrove,VALID,
1145,3,Mangrove,V5,
1146,3,Mangrove,VALID,
1147,3,Mangrove,VALID,
1148,3,Mangrove,V5,
1149,3,Mangrove,V5,
1150,3,Mangrove,VALID,
1151,3,Mangrove,V5,
1152,3,Mangrove,V5,
1153,3,Mangrove,V5,
1154,3,Mangrove,V5,
1155,3,Mangrove,VALID,
1156,3,Mangrove,V5,
1157,3,Mangrove,V5,
1158,3,Mangrove,VALID,
1159,3,Mangrove,V5,
1160,3,Mangrove,V5,
1161,3,Mangrove,V5,
1162,3,Mangrove,V5,
1163,3,Mangrove,V5,
1164,3,Mangrove,V5,
1165,3,Mangrove,V5,
1166,3,Mangrove,VALID,
1167,3,Mangrove,V5,
1168,3,Mangrove,V5,
1169,3,Mangrove,V5,
1170,3,Mangrove,VALID,
1171,3,Mangrove,V5,
1172,3,Mangrove,VALID,
1173,3,Mangrove,VALID,
1174,3,Mangrove,V5,
1175,3,Mangrove,V6,overlap lintas kelas > 0.05
1176,3,Mangrove,VALID,
1177,3,Mangrove,V6,overlap lintas kelas > 0.05
1178,3,Mangrove,VALID,
1179,3,Mangrove,V5,
1180,3,Mangrove,V5,
1181,3,Mangrove,V5,
1182,3,Mangrove,V6,overlap lintas kelas > 0.05
1183,3,Mangrove,V5,
1184,3,Mangrove,VALID,
1185,3,Mangrove,VALID,
1186,3,Mangrove,VALID,
1187,3,Mangrove,VALID,
1188,3,Mangrove,V5,
1189,3,Mangrove,VALID,
1190,3,Mangrove,V5,
1191,3,Mangrove,VALID,
1192,3,Mangrove,V5,
1193,3,Mangrove,V5,
1194,3,Mangrove,VALID,
1195,3,Mangrove,V5,
1196,3,Mangrove,V5,
1197,3,Mangrove,V5,
1198,3,Mangrove,V5,
1199,3,Mangrove,VALID,
1200,3,Mangrove,VALID,
1201,3,Mangrove,VALID,
1202,3,Mangrove,VALID,
1203,3,Mangrove,V5,
1204,3,Mangrove,V5,
1205,3,Mangrove,V5,
1206,3,Mangrove,V5,
1207,3,Mangrove,V5,
1208,3,Mangrove,V5,
1209,3,Mangrove,V5,
1210,3,Mangrove,VALID,
1211,3,Mangrove,VALID,
1212,3,Mangrove,V5,
1213,3,Mangrove,V5,
1214,3,Mangrove,VALID,
1215,3,Mangrove,VALID,
1216,3,Mangrove,VALID,
1217,3,Mangrove,V5,
1218,3,Mangrove,V5,
1219,3,Mangrove,VALID,
1220,3,Mangrove,V5,
1221,3,Mangrove,V5,
1222,3,Mangrove,V5,
1223,3,Mangrove,V5,
1224,3,Mangrove,V5,
1225,3,Mangrove,V5,
1226,3,Mangrove,V5,
1227,3,Mangrove,V5,
1228,3,Mangrove,VALID,
1229,3,Mangrove,VALID,
1230,3,Mangrove,V5,
1231,3,Mangrove,V5,
1232,3,Mangrove,VALID,
1233,3,Mangrove,V5,
1234,3,Mangrove,VALID,
1235,3,Mangrove,V5,
1236,3,Mangrove,V5,
1237,3,Mangrove,V5,
1238,3,Mangrove,VALID,
1239,3,Mangrove,V5,
1240,3,Mangrove,V5,
1241,3,Mangrove,VALID,
1242,3,Mangrove,V5,
1243,3,Mangrove,VALID,
1244,3,Mangrove,V5,
1245,3,Mangrove,V5,
1246,3,Mangrove,VALID,
1247,3,Mangrove,VALID,
1248,3,Mangrove,V5,
1249,3,Mangrove,V5,
1250,3,Mangrove,V5,
1251,3,Mangrove,V5,
1252,3,Mangrove,VALID,
1253,3,Mangrove,V5,
1254,3,Mangrove,V5,
1255,3,Mangrove,V6,overlap lintas kelas > 0.05
1256,3,Mangrove,VALID,
1257,3,Mangrove,V5,
1258,3,Mangrove,V5,
1259,3,Mangrove,V5,
1260,3,Mangrove,V5,
1261,3,Mangrove,V5,
1262,3,Mangrove,V5,
1263,3,Mangrove,VALID,
1264,3,Mangrove,VALID,
1265,3,Mangrove,VALID,
1266,3,Mangrove,V6,overlap lintas kelas > 0.05
1267,3,Mangrove,V6,overlap lintas kelas > 0.05
1268,3,Mangrove,V5,
1269,3,Mangrove,V5,
1270,3,Mangrove,VALID,
1271,3,Mangrove,VALID,
1272,3,Mangrove,VALID,
1273,3,Mangrove,V5,
1274,3,Mangrove,VALID,
1275,3,Mangrove,V5,
1276,3,Mangrove,V5,
1277,3,Mangrove,V5,
1278,3,Mangrove,V5,
1279,3,Mangrove,V5,
1280,3,Mangrove,V5,
1281,3,Mangrove,V5,
1282,3,Mangrove,VALID,
1283,3,Mangrove,V5,
1284,3,Mangrove,V5,
1285,3,Mangrove,V5,
1286,3,Mangrove,V5,
1287,3,Mangrove,V5,
1288,3,Mangrove,V5,
1289,3,Mangrove,V5,
1290,3,Mangrove,V5,
1291,3,Mangrove,V6,overlap lintas kelas > 0.05
1292,3,Mangrove,V5,
1293,3,Mangrove,V5,
1294,3,Mangrove,V5,
1295,3,Mangrove,V5,
1296,3,Mangrove,V5,
1297,3,Mangrove,V5,
1298,3,Mangrove,V6,overlap lintas kelas > 0.05
1299,3,Mangrove,VALID,
1300,3,Mangrove,V5,
1301,3,Mangrove,VALID,
1302,3,Mangrove,V5,
1303,3,Mangrove,V5,
1304,3,Mangrove,V6,overlap lintas kelas > 0.05
1305,3,Mangrove,V5,
1306,3,Mangrove,V5,
1307,3,Mangrove,VALID,
1308,3,Mangrove,V5,
1309,3,Mangrove,V5,
1310,3,Mangrove,V5,
1311,3,Mangrove,VALID,
1312,3,Mangrove,V5,
1313,3,Mangrove,V5,
1314,3,Mangrove,V5,
1315,3,Mangrove,V5,
1316,3,Mangrove,V6,overlap lintas kelas > 0.05
1317,3,Mangrove,V5,
1318,3,Mangrove,VALID,
1319,3,Mangrove,VALID,
1320,3,Mangrove,V5,
1321,3,Mangrove,V6,overlap lintas kelas > 0.05
1322,3,Mangrove,V5,
1323,3,Mangrove,V5,
1324,3,Mangrove,VALID,
1325,3,Mangrove,V5,
1326,3,Mangrove,V5,
1327,3,Mangrove,VALID,
1328,3,Mangrove,VALID,
1329,3,Mangrove,V5,
1330,3,Mangrove,V5,
1331,3,Mangrove,V5,
1332,3,Mangrove,V5,
1333,3,Mangrove,V5,
1334,3,Mangrove,V5,
1335,3,Mangrove,VALID,
1336,3,Mangrove,VALID,
1337,3,Mangrove,VALID,
1338,3,Mangrove,V5,
1339,3,Mangrove,V5,
1340,3,Mangrove,V5,
1341,3,Mangrove,V5,
1342,3,Mangrove,V5,
1343,3,Mangrove,VALID,
1344,3,Mangrove,VALID,
1345,3,Mangrove,V5,
1346,3,Mangrove,V5,
1347,3,Mangrove,VALID,
1348,3,Mangrove,V5,
1349,3,Mangrove,VALID,
1350,3,Mangrove,V5,
1351,3,Mangrove,V6,overlap lintas kelas > 0.05
1352,3,Mangrove,V5,
1353,3,Mangrove,V5,
1354,3,Mangrove,V6,overlap lintas kelas > 0.05
1355,3,Mangrove,V5,
1356,3,Mangrove,V5,
1357,3,Mangrove,V5,
1358,3,Mangrove,VALID,
1359,3,Mangrove,V5,
1360,3,Mangrove,V5,
1361,3,Mangrove,VALID,
1362,3,Mangrove,V6,overlap lintas kelas > 0.05
1363,3,Mangrove,V5,
1364,3,Mangrove,V5,
1365,3,Mangrove,V5,
1366,3,Mangrove,VALID,
1367,3,Mangrove,VALID,
1368,3,Mangrove,VALID,
1369,3,Mangrove,VALID,
1370,3,Mangrove,VALID,
1371,3,Mangrove,V5,
1372,3,Mangrove,V5,
1373,3,Mangrove,VALID,
1374,3,Mangrove,V5,
1375,3,Mangrove,V5,
1376,3,Mangrove,VALID,
1377,3,Mangrove,V5,
1378,3,Mangrove,V5,
1379,3,Mangrove,V5,
1380,3,Mangrove,VALID,
1381,3,Mangrove,V5,
1382,3,Mangrove,V5,
1383,3,Mangrove,V5,
1384,3,Mangrove,V5,
1385,3,Mangrove,V5,
1386,3,Mangrove,V5,
1387,3,Mangrove,VALID,
1388,3,Mangrove,V5,
1389,3,Mangrove,V5,
1390,3,Mangrove,VALID,
1391,3,Mangrove,V5,
1392,3,Mangrove,V5,
1393,3,Mangrove,V5,
1394,3,Mangrove,V5,
1395,3,Mangrove,VALID,
1396,3,Mangrove,V5,
1397,3,Mangrove,V5,
1398,3,Mangrove,V5,
1399,3,Mangrove,V6,overlap lintas kelas > 0.05
1400,3,Mangrove,VALID,
1401,3,Mangrove,VALID,
1402,3,Mangrove,V5,
1403,3,Mangrove,V5,
1404,3,Mangrove,VALID,
1405,3,Mangrove,V5,
1406,3,Mangrove,V6,overlap lintas kelas > 0.05
1407,3,Mangrove,VALID,
1408,3,Mangrove,V6,overlap lintas kelas > 0.05
1409,3,Mangrove,VALID,
1410,3,Mangrove,V5,
1411,3,Mangrove,VALID,
1412,3,Mangrove,V5,
1413,3,Mangrove,V5,
1414,3,Mangrove,V5,
1415,3,Mangrove,V5,
1416,3,Mangrove,V5,
1417,3,Mangrove,V5,
1418,3,Mangrove,V5,
1419,3,Mangrove,V5,
1420,3,Mangrove,V5,
1421,3,Mangrove,VALID,
1422,3,Mangrove,V5,
1423,3,Mangrove,VALID,
1424,3,Mangrove,VALID,
1425,3,Mangrove,V5,
1426,3,Mangrove,V5,
1427,3,Mangrove,V5,
1428,3,Mangrove,V6,overlap lintas kelas > 0.05
1429,3,Mangrove,V5,
1430,3,Mangrove,V5,
1431,3,Mangrove,VALID,
1432,3,Mangrove,V5,
1433,3,Mangrove,V5,
1434,3,Mangrove,VALID,
1435,3,Mangrove,V5,
1436,3,Mangrove,VALID,
1437,3,Mangrove,V5,
1438,3,Mangrove,V5,
1439,3,Mangrove,V5,
1440,3,Mangrove,VALID,
1441,3,Mangrove,V5,
1442,3,Mangrove,V5,
1443,3,Mangrove,VALID,
1444,3,Mangrove,V5,
1445,3,Mangrove,V6,overlap lintas kelas > 0.05
1446,3,Mangrove,VALID,
1447,3,Mangrove,V5,
1448,3,Mangrove,VALID,
1449,3,Mangrove,V5,
1450,3,Mangrove,V5,
1451,3,Mangrove,V6,overlap lintas kelas > 0.05
1452,3,Mangrove,V5,
1453,3,Mangrove,V5,
1454,3,Mangrove,V5,
1455,3,Mangrove,V6,overlap lintas kelas > 0.05
1456,3,Mangrove,V5,
1457,3,Mangrove,V5,
1458,3,Mangrove,V5,
1459,3,Mangrove,VALID,
1460,3,Mangrove,VALID,
1461,3,Mangrove,V5,
1462,3,Mangrove,V6,overlap lintas kelas > 0.05
1463,3,Mangrove,VALID,
1464,3,Mangrove,VALID,
1465,3,Mangrove,V5,
1466,3,Mangrove,VALID,
1467,3,Mangrove,V5,
1468,3,Mangrove,VALID,
1469,3,Mangrove,VALID,
1470,3,Mangrove,VALID,
1471,3,Mangrove,V5,
1472,3,Mangrove,V5,
1473,3,Mangrove,V5,
1474,3,Mangrove,V5,
1475,3,Mangrove,V5,
1476,3,Mangrove,V5,
1477,3,Mangrove,V5,
1478,3,Mangrove,VALID,
1479,3,Mangrove,V5,
1480,3,Mangrove,VALID,
1481,3,Mangrove,V5,
1482,3,Mangrove,V5,
1483,3,Mangrove,V5,
1484,3,Mangrove,V5,
1485,3,Mangrove,V6,overlap lintas kelas > 0.05
1486,3,Mangrove,V5,
1487,3,Mangrove,V5,
1488,3,Mangrove,VALID,
1489,3,Mangrove,VALID,
1490,3,Mangrove,V6,overlap lintas kelas > 0.05
1491,3,Mangrove,VALID,
1492,3,Mangrove,V6,overlap lintas kelas > 0.05
1493,3,Mangrove,V5,
1494,3,Mangrove,VALID,
1495,3,Mangrove,V6,overlap lintas kelas > 0.05
1496,3,Mangrove,V5,
1497,3,Mangrove,V5,
1498,3,Mangrove,V5,
1499,3,Mangrove,VALID,
1500,4,Lahan hijau,VALID,
1501,4,Lahan hijau,V5,
1502,4,Lahan hijau,VALID,
1503,4,Lahan hijau,V5,
1504,4,Lahan hijau,VALID,
1505,4,Lahan hijau,V5,
1506,4,Lahan hijau,VALID,
1507,4,Lahan hijau,V5,
1508,4,Lahan hijau,V5,
1509,4,Lahan hijau,V5,
1510,4,Lahan hijau,V5,
1511,4,Lahan hijau,V5,
1512,4,Lahan hijau,V5,
1513,4,Lahan hijau,V5,
1514,4,Lahan hijau,V5,
1515,4,Lahan hijau,V5,
1516,4,Lahan hijau,V5,
1517,4,Lahan hijau,VALID,
1518,4,Lahan hijau,V5,
1519,4,Lahan hijau,V5,
1520,4,Lahan hijau,V5,
1521,4,Lahan hijau,V5,
1522,4,Lahan hijau,V5,
1523,4,Lahan hijau,V5,
1524,4,Lahan hijau,VALID,
1525,4,Lahan hijau,V5,
1526,4,Lahan hijau,V5,
1527,4,Lahan hijau,V5,
1528,4,Lahan hijau,VALID,
1529,4,Lahan hijau,V5,
1530,4,Lahan hijau,V5,
1531,4,Lahan hijau,V5,
1532,4,Lahan hijau,VALID,
1533,4,Lahan hijau,V5,
1534,4,Lahan hijau,V5,
1535,4,Lahan hijau,V5,
1536,4,Lahan hijau,V5,
1537,4,Lahan hijau,V5,
1538,4,Lahan hijau,V5,
1539,4,Lahan hijau,V5,
1540,4,Lahan hijau,V5,
1541,4,Lahan hijau,VALID,
1542,4,Lahan hijau,V5,
1543,4,Lahan hijau,V5,
1544,4,Lahan hijau,V5,
1545,4,Lahan hijau,V5,
1546,4,Lahan hijau,V5,
1547,4,Lahan hijau,V5,
1548,4,Lahan hijau,V5,
1549,4,Lahan hijau,V5,
1550,4,Lahan hijau,V5,
1551,4,Lahan hijau,V5,
1552,4,Lahan hijau,VALID,
1553,4,Lahan hijau,VALID,
1554,4,Lahan hijau,VALID,
1555,4,Lahan hijau,V5,
1556,4,Lahan hijau,V5,
1557,4,Lahan hijau,V5,
1558,4,Lahan hijau,V5,
1559,4,Lahan hijau,VALID,
1560,4,Lahan hijau,VALID,
1561,4,Lahan hijau,V5,
1562,4,Lahan hijau,V5,
1563,4,Lahan hijau,V5,
1564,4,Lahan hijau,V5,
1565,4,Lahan hijau,V5,
1566,4,Lahan hijau,VALID,
1567,4,Lahan hijau,V5,
1568,4,Lahan hijau,V5,
1569,4,Lahan hijau,V5,
1570,4,Lahan hijau,V5,
1571,4,Lahan hijau,VALID,
1572,4,Lahan hijau,V5,
1573,4,Lahan hijau,V5,
1574,4,Lahan hijau,V5,
1575,4,Lahan hijau,VALID,
1576,4,Lahan hijau,V5,
1577,4,Lahan hijau,V6,overlap lintas kelas > 0.05
1578,4,Lahan hijau,VALID,
1579,4,Lahan hijau,V5,
1580,4,Lahan hijau,V5,
1581,4,Lahan hijau,V5,
1582,4,Lahan hijau,V5,
1583,4,Lahan hijau,V5,
1584,4,Lahan hijau,V5,
1585,4,Lahan hijau,V5,
1586,4,Lahan hijau,V5,
1587,4,Lahan hijau,V5,
1588,4,Lahan hijau,V5,
1589,4,Lahan hijau,V5,
1590,4,Lahan hijau,V5,
1591,4,Lahan hijau,VALID,
1592,4,Lahan hijau,V5,
1593,4,Lahan hijau,V5,
1594,4,Lahan hijau,V5,
1595,4,Lahan hijau,V5,
1596,4,Lahan hijau,V5,
1597,4,Lahan hijau,V5,
1598,4,Lahan hijau,V5,
1599,4,Lahan hijau,V5,
1600,4,Lahan hijau,V5,
1601,4,Lahan hijau,V6,overlap lintas kelas > 0.05
1602,4,Lahan hijau,V5,
1603,4,Lahan hijau,V6,overlap lintas kelas > 0.05
1604,4,Lahan hijau,V5,
1605,4,Lahan hijau,V5,
1606,4,Lahan hijau,V5,
1607,4,Lahan hijau,V5,
1608,4,Lahan hijau,VALID,
1609,4,Lahan hijau,V5,
1610,4,Lahan hijau,VALID,
1611,4,Lahan hijau,VALID,
1612,4,Lahan hijau,V5,
1613,4,Lahan hijau,V5,
1614,4,Lahan hijau,V5,
1615,4,Lahan hijau,VALID,
1616,4,Lahan hijau,V5,
1617,4,Lahan hijau,V5,
1618,4,Lahan hijau,V5,
1619,4,Lahan hijau,VALID,
1620,4,Lahan hijau,V5,
1621,4,Lahan hijau,V5,
1622,4,Lahan hijau,V5,
1623,4,Lahan hijau,VALID,
1624,4,Lahan hijau,V5,
1625,4,Lahan hijau,V5,
1626,4,Lahan hijau,V5,
1627,4,Lahan hijau,V5,
1628,4,Lahan hijau,VALID,
1629,4,Lahan hijau,VALID,
1630,4,Lahan hijau,V5,
1631,4,Lahan hijau,V5,
1632,4,Lahan hijau,V5,
1633,4,Lahan hijau,V5,
1634,4,Lahan hijau,V5,
1635,4,Lahan hijau,V5,
1636,4,Lahan hijau,V5,
1637,4,Lahan hijau,V5,
1638,4,Lahan hijau,V5,
1639,4,Lahan hijau,V5,
1640,4,Lahan hijau,V5,
1641,4,Lahan hijau,VALID,
1642,4,Lahan hijau,V5,
1643,4,Lahan hijau,V5,
1644,4,Lahan hijau,V5,
1645,4,Lahan hijau,V5,
1646,4,Lahan hijau,V5,
1647,4,Lahan hijau,V5,
1648,4,Lahan hijau,V5,
1649,4,Lahan hijau,V5,
1650,4,Lahan hijau,V5,
1651,4,Lahan hijau,V5,
1652,4,Lahan hijau,V5,
1653,4,Lahan hijau,V5,
1654,4,Lahan hijau,V5,
1655,4,Lahan hijau,V5,
1656,4,Lahan hijau,VALID,
1657,4,Lahan hijau,VALID,
1658,4,Lahan hijau,V5,
1659,4,Lahan hijau,VALID,
1660,4,Lahan hijau,V5,
1661,4,Lahan hijau,V5,
1662,4,Lahan hijau,V5,
1663,4,Lahan hijau,V5,
1664,4,Lahan hijau,V5,
1665,4,Lahan hijau,V5,
1666,4,Lahan hijau,V5,
1667,4,Lahan hijau,V5,
1668,4,Lahan hijau,VALID,
1669,4,Lahan hijau,V5,
1670,4,Lahan hijau,V5,
1671,4,Lahan hijau,V5,
1672,4,Lahan hijau,V5,
1673,4,Lahan hijau,V5,
1674,4,Lahan hijau,VALID,
1675,4,Lahan hijau,V5,
1676,4,Lahan hijau,V5,
1677,4,Lahan hijau,VALID,
1678,4,Lahan hijau,V5,
1679,4,Lahan hijau,VALID,
1680,4,Lahan hijau,V5,
1681,4,Lahan hijau,V5,
1682,4,Lahan hijau,VALID,
1683,4,Lahan hijau,VALID,
1684,4,Lahan hijau,VALID,
1685,4,Lahan hijau,VALID,
1686,4,Lahan hijau,VALID,
1687,4,Lahan hijau,V5,
1688,4,Lahan hijau,VALID,
1689,4,Lahan hijau,VALID,
1690,4,Lahan hijau,V5,
1691,4,Lahan hijau,V5,
1692,4,Lahan hijau,V5,
1693,4,Lahan hijau,V5,
1694,4,Lahan hijau,V5,
1695,4,Lahan hijau,V5,
1696,4,Lahan hijau,V5,
1697,4,Lahan hijau,V5,
1698,4,Lahan hijau,V5,
1699,4,Lahan hijau,VALID,
1700,4,Lahan hijau,V5,
1701,4,Lahan hijau,V5,
1702,4,Lahan hijau,V5,
1703,4,Lahan hijau,V5,
1704,4,Lahan hijau,V5,
1705,4,Lahan hijau,VALID,
1706,4,Lahan hijau,V5,
1707,4,Lahan hijau,VALID,
1708,4,Lahan hijau,VALID,
1709,4,Lahan hijau,V5,
1710,4,Lahan hijau,V5,
1711,4,Lahan hijau,V5,
1712,4,Lahan hijau,V5,
1713,4,Lahan hijau,V5,
1714,4,Lahan hijau,V5,
1715,4,Lahan hijau,V5,
1716,4,Lahan hijau,V5,
1717,4,Lahan hijau,V5,
1718,4,Lahan hijau,V5,
1719,4,Lahan hijau,V5,
1720,4,Lahan hijau,V5,
1721,4,Lahan hijau,V5,
1722,4,Lahan hijau,V5,
1723,4,Lahan hijau,V5,
1724,4,Lahan hijau,V5,
1725,4,Lahan hijau,V5,
1726,4,Lahan hijau,V5,
1727,4,Lahan hijau,V5,
1728,4,Lahan hijau,V5,
1729,4,Lahan hijau,V5,
1730,4,Lahan hijau,V5,
1731,4,Lahan hijau,VALID,
1732,4,Lahan hijau,V5,
1733,4,Lahan hijau,VALID,
1734,4,Lahan hijau,VALID,
1735,4,Lahan hijau,VALID,
1736,4,Lahan hijau,VALID,
1737,4,Lahan hijau,V5,
1738,4,Lahan hijau,V5,
1739,4,Lahan hijau,V5,
1740,4,Lahan hijau,V5,
1741,4,Lahan hijau,V5,
1742,4,Lahan hijau,V5,
1743,4,Lahan hijau,V5,
1744,4,Lahan hijau,VALID,
1745,4,Lahan hijau,V5,
1746,4,Lahan hijau,V5,
1747,4,Lahan hijau,V5,
1748,4,Lahan hijau,V5,
1749,4,Lahan hijau,V5,
1750,4,Lahan hijau,VALID,
1751,4,Lahan hijau,V5,
1752,4,Lahan hijau,V5,
1753,4,Lahan hijau,V5,
1754,4,Lahan hijau,V5,
1755,4,Lahan hijau,V5,
1756,4,Lahan hijau,V5,
1757,4,Lahan hijau,V5,
1758,4,Lahan hijau,V5,
1759,4,Lahan hijau,V5,
1760,4,Lahan hijau,VALID,
1761,4,Lahan hijau,V5,
1762,4,Lahan hijau,V5,
1763,4,Lahan hijau,V5,
1764,4,Lahan hijau,V5,
1765,4,Lahan hijau,VALID,
1766,4,Lahan hijau,VALID,
1767,4,Lahan hijau,V5,
1768,4,Lahan hijau,VALID,
1769,4,Lahan hijau,VALID,
1770,4,Lahan hijau,V5,
1771,4,Lahan hijau,V5,
1772,4,Lahan hijau,VALID,
1773,4,Lahan hijau,VALID,
1774,4,Lahan hijau,VALID,
1775,4,Lahan hijau,VALID,
1776,4,Lahan hijau,VALID,
1777,4,Lahan hijau,V5,
1778,4,Lahan hijau,V5,
1779,4,Lahan hijau,V5,
1780,4,Lahan hijau,VALID,
1781,4,Lahan hijau,V5,
1782,4,Lahan hijau,VALID,
1783,4,Lahan hijau,V5,
1784,4,Lahan hijau,V5,
1785,4,Lahan hijau,V5,
1786,4,Lahan hijau,V5,
1787,4,Lahan hijau,V5,
1788,4,Lahan hijau,V5,
1789,4,Lahan hijau,VALID,
1790,4,Lahan hijau,V5,
1791,4,Lahan hijau,V5,
1792,4,Lahan hijau,V5,
1793,4,Lahan hijau,V5,
1794,4,Lahan hijau,V5,
1795,4,Lahan hijau,VALID,
1796,4,Lahan hijau,VALID,
1797,4,Lahan hijau,V5,
1798,4,Lahan hijau,VALID,
1799,4,Lahan hijau,V5,
1800,4,Lahan hijau,VALID,
1801,4,Lahan hijau,V5,
1802,4,Lahan hijau,V5,
1803,4,Lahan hijau,V5,
1804,4,Lahan hijau,V5,
1805,4,Lahan hijau,V5,
1806,4,Lahan hijau,V5,
1807,4,Lahan hijau,VALID,
1808,4,Lahan hijau,VALID,
1809,4,Lahan hijau,V5,
1810,4,Lahan hijau,V5,
1811,4,Lahan hijau,V5,
1812,4,Lahan hijau,V5,
1813,4,Lahan hijau,VALID,
1814,4,Lahan hijau,VALID,
1815,4,Lahan hijau,V5,
1816,4,Lahan hijau,V5,
1817,4,Lahan hijau,V5,
1818,4,Lahan hijau,V5,
1819,4,Lahan hijau,V5,
1820,4,Lahan hijau,V5,
1821,4,Lahan hijau,V5,
1822,4,Lahan hijau,VALID,
1823,4,Lahan hijau,V5,
1824,4,Lahan hijau,VALID,
1825,4,Lahan hijau,V5,
1826,4,Lahan hijau,VALID,
1827,4,Lahan hijau,V5,
1828,4,Lahan hijau,V5,
1829,4,Lahan hijau,V5,
1830,4,Lahan hijau,V5,
1831,4,Lahan hijau,V5,
1832,4,Lahan hijau,V5,
1833,4,Lahan hijau,V5,
1834,4,Lahan hijau,V5,
1835,4,Lahan hijau,V5,
1836,4,Lahan hijau,VALID,
1837,4,Lahan hijau,VALID,
1838,4,Lahan hijau,V5,
1839,4,Lahan hijau,V6,overlap lintas kelas > 0.05
1840,4,Lahan hijau,V5,
1841,4,Lahan hijau,V5,
1842,4,Lahan hijau,V5,
1843,4,Lahan hijau,V5,
1844,4,Lahan hijau,V5,
1845,4,Lahan hijau,VALID,
1846,4,Lahan hijau,V5,
1847,4,Lahan hijau,VALID,
1848,4,Lahan hijau,V5,
1849,4,Lahan hijau,V5,
1850,4,Lahan hijau,V5,
1851,4,Lahan hijau,V5,
1852,4,Lahan hijau,V5,
1853,4,Lahan hijau,V5,
1854,4,Lahan hijau,V5,
1855,4,Lahan hijau,V5,
1856,4,Lahan hijau,V5,
1857,4,Lahan hijau,V5,
1858,4,Lahan hijau,VALID,
1859,4,Lahan hijau,V5,
1860,4,Lahan hijau,VALID,
1861,4,Lahan hijau,V5,
1862,4,Lahan hijau,V5,
1863,4,Lahan hijau,V5,
1864,4,Lahan hijau,VALID,
1865,4,Lahan hijau,VALID,
1866,4,Lahan hijau,V5,
1867,4,Lahan hijau,V6,overlap lintas kelas > 0.05
1868,4,Lahan hijau,V5,
1869,4,Lahan hijau,VALID,
1870,4,Lahan hijau,V5,
1871,4,Lahan hijau,V5,
1872,4,Lahan hijau,V5,
1873,4,Lahan hijau,VALID,
1874,4,Lahan hijau,V5,
1875,4,Lahan hijau,V5,
1876,4,Lahan hijau,V5,
1877,4,Lahan hijau,V5,
1878,4,Lahan hijau,V5,
1879,4,Lahan hijau,VALID,
1880,4,Lahan hijau,V5,
1881,4,Lahan hijau,V5,
1882,4,Lahan hijau,V5,
1883,4,Lahan hijau,V5,
1884,4,Lahan hijau,VALID,
1885,4,Lahan hijau,V5,
1886,4,Lahan hijau,V5,
1887,4,Lahan hijau,VALID,
1888,4,Lahan hijau,V5,
1889,4,Lahan hijau,VALID,
1890,4,Lahan hijau,V5,
1891,4,Lahan hijau,V5,
1892,4,Lahan hijau,V5,
1893,4,Lahan hijau,VALID,
1894,4,Lahan hijau,V5,
1895,4,Lahan hijau,V5,
1896,4,Lahan hijau,V5,
1897,4,Lahan hijau,V5,
1898,4,Lahan hijau,V5,
1899,4,Lahan hijau,V5,
1900,4,Lahan hijau,V5,
1901,4,Lahan hijau,V5,
1902,4,Lahan hijau,V5,
1903,4,Lahan hijau,V5,
1904,4,Lahan hijau,VALID,
1905,4,Lahan hijau,V5,
1906,4,Lahan hijau,V5,
1907,4,Lahan hijau,VALID,
1908,4,Lahan hijau,V5,
1909,4,Lahan hijau,V5,
1910,4,Lahan hijau,V5,
1911,4,Lahan hijau,VALID,
1912,4,Lahan hijau,V5,
1913,4,Lahan hijau,V5,
1914,4,Lahan hijau,VALID,
1915,4,Lahan hijau,V5,
1916,4,Lahan hijau,V5,
1917,4,Lahan hijau,VALID,
1918,4,Lahan hijau,VALID,
1919,4,Lahan hijau,V5,
1920,4,Lahan hijau,V5,
1921,4,Lahan hijau,V5,
1922,4,Lahan hijau,V5,
1923,4,Lahan hijau,V5,
1924,4,Lahan hijau,V5,
1925,4,Lahan hijau,VALID,
1926,4,Lahan hijau,VALID,
1927,4,Lahan hijau,V5,
1928,4,Lahan hijau,V5,
1929,4,Lahan hijau,V5,
1930,4,Lahan hijau,V5,
1931,4,Lahan hijau,VALID,
1932,4,Lahan hijau,V5,
1933,4,Lahan hijau,V5,
1934,4,Lahan hijau,V5,
1935,4,Lahan hijau,V5,
1936,4,Lahan hijau,V5,
1937,4,Lahan hijau,V5,
1938,4,Lahan hijau,V5,
1939,4,Lahan hijau,V5,
1940,4,Lahan hijau,VALID,
1941,4,Lahan hijau,V5,
1942,4,Lahan hijau,V5,
1943,4,Lahan hijau,V5,
1944,4,Lahan hijau,V5,
1945,4,Lahan hijau,V5,
1946,4,Lahan hijau,V5,
1947,4,Lahan hijau,V5,
1948,4,Lahan hijau,V5,
1949,4,Lahan hijau,V5,
1950,4,Lahan hijau,V5,
1951,4,Lahan hijau,VALID,
1952,4,Lahan hijau,V5,
1953,4,Lahan hijau,V5,
1954,4,Lahan hijau,VALID,
1955,4,Lahan hijau,V5,
1956,4,Lahan hijau,V5,
1957,4,Lahan hijau,V5,
1958,4,Lahan hijau,VALID,
1959,4,Lahan hijau,V5,
1960,4,Lahan hijau,V5,
1961,4,Lahan hijau,V5,
1962,4,Lahan hijau,VALID,
1963,4,Lahan hijau,V5,
1964,4,Lahan hijau,VALID,
1965,4,Lahan hijau,V5,
1966,4,Lahan hijau,V5,
1967,4,Lahan hijau,VALID,
1968,4,Lahan hijau,VALID,
1969,4,Lahan hijau,VALID,
1970,4,Lahan hijau,V5,
1971,4,Lahan hijau,V5,
1972,4,Lahan hijau,VALID,
1973,4,Lahan hijau,V5,
1974,4,Lahan hijau,V5,
1975,4,Lahan hijau,V5,
1976,4,Lahan hijau,V5,
1977,4,Lahan hijau,V5,
1978,4,Lahan hijau,V5,
1979,4,Lahan hijau,V5,
1980,4,Lahan hijau,V5,
1981,4,Lahan hijau,VALID,
1982,4,Lahan hijau,V5,
1983,4,Lahan hijau,V5,
1984,4,Lahan hijau,V5,
1985,4,Lahan hijau,V5,
1986,4,Lahan hijau,V5,
1987,4,Lahan hijau,V5,
1988,4,Lahan hijau,V5,
1989,4,Lahan hijau,VALID,
1990,4,Lahan hijau,VALID,
1991,4,Lahan hijau,VALID,
1992,4,Lahan hijau,V5,
1993,4,Lahan hijau,V5,
1994,4,Lahan hijau,VALID,
1995,4,Lahan hijau,V5,
1996,4,Lahan hijau,VALID,
1997,4,Lahan hijau,V5,
1998,4,Lahan hijau,V5,
1999,4,Lahan hijau,VALID,
2000,5,Laut,VALID,
2001,5,Laut,VALID,
2002,5,Laut,VALID,
2003,5,Laut,V5,
2004,5,Laut,V5,
2005,5,Laut,V5,
2006,5,Laut,V5,
2007,5,Laut,V5,
2008,5,Laut,V5,
2009,5,Laut,V5,
2010,5,Laut,VALID,
2011,5,Laut,VALID,
2012,5,Laut,VALID,
2013,5,Laut,VALID,
2014,5,Laut,V5,
2015,5,Laut,V5,
2016,5,Laut,V5,
2017,5,Laut,V5,
2018,5,Laut,V5,
2019,5,Laut,V5,
2020,5,Laut,VALID,
2021,5,Laut,VALID,
2022,5,Laut,VALID,
2023,5,Laut,V5,
2024,5,Laut,V5,
2025,5,Laut,VALID,
2026,5,Laut,V5,
2027,5,Laut,V5,
2028,5,Laut,V5,
2029,5,Laut,V5,
2030,5,Laut,V5,
2031,5,Laut,V5,
2032,5,Laut,V5,
2033,5,Laut,V5,
2034,5,Laut,V5,
2035,5,Laut,V5,
2036,5,Laut,V5,
2037,5,Laut,V5,
2038,5,Laut,V5,
2039,5,Laut,V5,
2040,5,Laut,V5,
2041,5,Laut,V5,
2042,5,Laut,V5,
2043,5,Laut,V5,
2044,5,Laut,VALID,
2045,5,Laut,V5,
2046,5,Laut,V5,
2047,5,Laut,V5,
2048,5,Laut,V5,
2049,5,Laut,V5,
2050,5,Laut,V5,
2051,5,Laut,V5,
2052,5,Laut,V5,
2053,5,Laut,VALID,
2054,5,Laut,V5,
2055,5,Laut,V5,
2056,5,Laut,V5,
2057,5,Laut,V5,
2058,5,Laut,V5,
2059,5,Laut,V5,
2060,5,Laut,V5,
2061,5,Laut,V5,
2062,5,Laut,V5,
2063,5,Laut,V5,
2064,5,Laut,V5,
2065,5,Laut,V5,
2066,5,Laut,V5,
2067,5,Laut,V5,
2068,5,Laut,V5,
2069,5,Laut,V5,
2070,5,Laut,V5,
2071,5,Laut,V5,
2072,5,Laut,V5,
2073,5,Laut,V5,
2074,5,Laut,V5,
2075,5,Laut,V5,
2076,5,Laut,V5,
2077,5,Laut,V5,
2078,5,Laut,V5,
2079,5,Laut,V5,
2080,5,Laut,V5,
2081,5,Laut,V5,
2082,5,Laut,V5,
2083,5,Laut,V5,
2084,5,Laut,V5,
2085,5,Laut,V5,
2086,5,Laut,V5,
2087,5,Laut,V5,
2088,5,Laut,V5,
2089,5,Laut,V5,
2090,5,Laut,V5,
2091,5,Laut,V5,
2092,5,Laut,V5,
2093,5,Laut,V5,
2094,5,Laut,V5,
2095,5,Laut,V5,
2096,5,Laut,V5,
2097,5,Laut,V5,
2098,5,Laut,V5,
2099,5,Laut,V5,
2100,5,Laut,V5,
2101,5,Laut,V5,
2102,5,Laut,V5,
2103,5,Laut,V5,
2104,5,Laut,V5,
2105,5,Laut,V5,
2106,5,Laut,V5,
2107,5,Laut,V5,
2108,5,Laut,V5,
2109,5,Laut,V5,
2110,5,Laut,VALID,
2111,5,Laut,VALID,
2112,5,Laut,V5,
2113,5,Laut,V5,
2114,5,Laut,V5,
2115,5,Laut,V5,
2116,5,Laut,V5,
2117,5,Laut,V5,
2118,5,Laut,V5,
2119,5,Laut,V5,
2120,5,Laut,V5,
2121,5,Laut,V5,
2122,5,Laut,V5,
2123,5,Laut,V5,
2124,5,Laut,V5,
2125,5,Laut,V5,
2126,5,Laut,V5,
2127,5,Laut,V5,
2128,5,Laut,V5,
2129,5,Laut,V5,
2130,5,Laut,V5,
2131,5,Laut,V5,
2132,5,Laut,V5,
2133,5,Laut,V5,
2134,5,Laut,V5,
2135,5,Laut,V5,
2136,5,Laut,V5,
2137,5,Laut,V5,
2138,5,Laut,V5,
2139,5,Laut,V5,
2140,5,Laut,V5,
2141,5,Laut,V5,
2142,5,Laut,V5,
2143,5,Laut,V5,
2144,5,Laut,V5,
2145,5,Laut,V5,
2146,5,Laut,V5,
2147,5,Laut,V5,
2148,5,Laut,VALID,
2149,5,Laut,V5,
2150,5,Laut,V5,
2151,5,Laut,V5,
2152,5,Laut,V5,
2153,5,Laut,V5,
2154,5,Laut,V5,
2155,5,Laut,V5,
2156,5,Laut,V5,
2157,5,Laut,V5,
2158,5,Laut,V5,
2159,5,Laut,V5,
2160,5,Laut,V5,
2161,5,Laut,V5,
2162,5,Laut,V5,
2163,5,Laut,V5,
2164,5,Laut,V5,
2165,5,Laut,V5,
2166,5,Laut,V5,
2167,5,Laut,V5,
2168,5,Laut,V5,
2169,5,Laut,V5,
2170,5,Laut,V5,
2171,5,Laut,VALID,
2172,5,Laut,V5,
2173,5,Laut,V5,
2174,5,Laut,VALID,
2175,5,Laut,VALID,
2176,5,Laut,V5,
2177,5,Laut,V5,
2178,5,Laut,V5,
2179,5,Laut,V5,
2180,5,Laut,V5,
2181,5,Laut,V5,
2182,5,Laut,V5,
2183,5,Laut,V5,
2184,5,Laut,V5,
2185,5,Laut,V5,
2186,5,Laut,V5,
2187,5,Laut,V5,
2188,5,Laut,V5,
2189,5,Laut,V5,
2190,5,Laut,V5,
2191,5,Laut,V5,
2192,5,Laut,V5,
2193,5,Laut,V5,
2194,5,Laut,V5,
2195,5,Laut,V5,
2196,5,Laut,V5,
2197,5,Laut,V5,
2198,5,Laut,V5,
2199,5,Laut,V5,
2200,5,Laut,V5,
2201,5,Laut,V5,
2202,5,Laut,V5,
2203,5,Laut,V5,
2204,5,Laut,V5,
2205,5,Laut,V5,
2206,5,Laut,V5,
2207,5,Laut,V5,
2208,5,Laut,V5,
2209,5,Laut,V5,
2210,5,Laut,V5,
2211,5,Laut,V5,
2212,5,Laut,V5,
2213,5,Laut,V5,
2214,5,Laut,V5,
2215,5,Laut,V5,
2216,5,Laut,V5,
2217,5,Laut,V5,
2218,5,Laut,V5,
2219,5,Laut,V5,
2220,5,Laut,V5,
2221,5,Laut,V5,
2222,5,Laut,V5,
2223,5,Laut,V5,
2224,5,Laut,V5,
2225,5,Laut,V5,
2226,5,Laut,V5,
2227,5,Laut,V5,
2228,5,Laut,V5,
2229,5,Laut,V5,
2230,5,Laut,V5,
2231,5,Laut,V5,
2232,5,Laut,V5,
2233,5,Laut,V5,
2234,5,Laut,V5,
2235,5,Laut,V5,
2236,5,Laut,V5,
2237,5,Laut,V5,
2238,5,Laut,V5,
2239,5,Laut,V5,
2240,5,Laut,V5,
2241,5,Laut,V5,
2242,5,Laut,V5,
2243,5,Laut,V5,
2244,5,Laut,V5,
2245,5,Laut,V5,
2246,5,Laut,V5,
2247,5,Laut,V5,
2248,5,Laut,V5,
2249,5,Laut,V5,
2250,5,Laut,V5,
2251,5,Laut,V5,
2252,5,Laut,V5,
2253,5,Laut,V5,
2254,5,Laut,V5,
2255,5,Laut,V5,
2256,5,Laut,V5,
2257,5,Laut,V5,
2258,5,Laut,V5,
2259,5,Laut,V5,
2260,5,Laut,V5,
2261,5,Laut,V5,
2262,5,Laut,V5,
2263,5,Laut,VALID,
2264,5,Laut,V5,
2265,5,Laut,VALID,
2266,5,Laut,VALID,
2267,5,Laut,V5,
2268,5,Laut,V5,
2269,5,Laut,V5,
2270,5,Laut,V5,
2271,5,Laut,V5,
2272,5,Laut,V5,
2273,5,Laut,V5,
2274,5,Laut,V5,
2275,5,Laut,V5,
2276,5,Laut,V5,
2277,5,Laut,V5,
2278,5,Laut,V5,
2279,5,Laut,V5,
2280,5,Laut,V5,
2281,5,Laut,V5,
2282,5,Laut,V5,
2283,5,Laut,V5,
2284,5,Laut,V5,
2285,5,Laut,V5,
2286,5,Laut,V5,
2287,5,Laut,V5,
2288,5,Laut,V5,
2289,5,Laut,V5,
2290,5,Laut,V5,
2291,5,Laut,V5,
2292,5,Laut,V5,
2293,5,Laut,V5,
2294,5,Laut,V5,
2295,5,Laut,V5,
2296,5,Laut,V5,
2297,5,Laut,V5,
2298,5,Laut,V5,
2299,5,Laut,V5,
2300,5,Laut,V5,
2301,5,Laut,V5,
2302,5,Laut,V5,
2303,5,Laut,V5,
2304,5,Laut,V5,
2305,5,Laut,V5,
2306,5,Laut,V5,
2307,5,Laut,V5,
2308,5,Laut,V5,
2309,5,Laut,V5,
2310,5,Laut,V5,
2311,5,Laut,V5,
2312,5,Laut,V5,
2313,5,Laut,V5,
2314,5,Laut,V5,
2315,5,Laut,V5,
2316,5,Laut,V5,
2317,5,Laut,V5,
2318,5,Laut,V5,
2319,5,Laut,V5,
2320,5,Laut,V5,
2321,5,Laut,V5,
2322,5,Laut,V5,
2323,5,Laut,V5,
2324,5,Laut,V5,
2325,5,Laut,V5,
2326,5,Laut,V5,
2327,5,Laut,V5,
2328,5,Laut,V5,
2329,5,Laut,V5,
2330,5,Laut,V5,
2331,5,Laut,V5,
2332,5,Laut,V5,
2333,5,Laut,V5,
2334,5,Laut,V5,
2335,5,Laut,V5,
2336,5,Laut,V5,
2337,5,Laut,V5,
2338,5,Laut,V5,
2339,5,Laut,V5,
2340,5,Laut,V5,
2341,5,Laut,V5,
2342,5,Laut,V5,
2343,5,Laut,V5,
2344,5,Laut,V5,
2345,5,Laut,V5,
2346,5,Laut,V5,
2347,5,Laut,V5,
2348,5,Laut,V5,
2349,5,Laut,V5,
2350,5,Laut,V5,
2351,5,Laut,V5,
2352,5,Laut,V5,
2353,5,Laut,V5,
2354,5,Laut,V5,
2355,5,Laut,V5,
2356,5,Laut,V5,
2357,5,Laut,V5,
2358,5,Laut,V5,
2359,5,Laut,V5,
2360,5,Laut,V5,
2361,5,Laut,V5,
2362,5,Laut,V5,
2363,5,Laut,V5,
2364,5,Laut,V5,
2365,5,Laut,V5,
2366,5,Laut,V5,
2367,5,Laut,V5,
2368,5,Laut,V5,
2369,5,Laut,V5,
2370,5,Laut,V5,
2371,5,Laut,V5,
2372,5,Laut,V5,
2373,5,Laut,V5,
2374,5,Laut,V5,
2375,5,Laut,V5,
2376,5,Laut,V5,
2377,5,Laut,V5,
2378,5,Laut,V5,
2379,5,Laut,V5,
2380,5,Laut,V5,
2381,5,Laut,V5,
2382,5,Laut,V5,
2383,5,Laut,V5,
2384,5,Laut,V5,
2385,5,Laut,V5,
2386,5,Laut,V5,
2387,5,Laut,V5,
2388,5,Laut,V5,
2389,5,Laut,V5,
2390,5,Laut,V5,
2391,5,Laut,V5,
2392,5,Laut,V5,
2393,5,Laut,V5,
2394,5,Laut,V5,
2395,5,Laut,V5,
2396,5,Laut,V5,
2397,5,Laut,V5,
2398,5,Laut,V5,
2399,5,Laut,V5,
2400,5,Laut,V5,
2401,5,Laut,V5,
2402,5,Laut,V5,
2403,5,Laut,V5,
2404,5,Laut,V5,
2405,5,Laut,V5,
2406,5,Laut,V5,
2407,5,Laut,V5,
2408,5,Laut,V5,
2409,5,Laut,V5,
2410,5,Laut,V5,
2411,5,Laut,V5,
2412,5,Laut,V5,
2413,5,Laut,V5,
2414,5,Laut,V5,
2415,5,Laut,V5,
2416,5,Laut,V5,
2417,5,Laut,V5,
2418,5,Laut,V5,
2419,5,Laut,V5,
2420,5,Laut,V5,
2421,5,Laut,V5,
2422,5,Laut,V5,
2423,5,Laut,V5,
2424,5,Laut,V5,
2425,5,Laut,V5,
2426,5,Laut,V5,
2427,5,Laut,V5,
2428,5,Laut,V5,
2429,5,Laut,V5,
2430,5,Laut,V5,
2431,5,Laut,V5,
2432,5,Laut,V5,
2433,5,Laut,V5,
2434,5,Laut,V5,
2435,5,Laut,V5,
2436,5,Laut,V5,
2437,5,Laut,V5,
2438,5,Laut,V5,
2439,5,Laut,V5,
2440,5,Laut,VALID,
2441,5,Laut,VALID,
2442,5,Laut,VALID,
2443,5,Laut,VALID,
2444,5,Laut,VALID,
2445,5,Laut,V5,
2446,5,Laut,V5,
2447,5,Laut,V5,
2448,5,Laut,V5,
2449,5,Laut,V5,
2450,5,Laut,V5,
2451,5,Laut,V5,
2452,5,Laut,V5,
2453,5,Laut,V5,
2454,5,Laut,V5,
2455,5,Laut,V5,
2456,5,Laut,V5,
2457,5,Laut,V5,
2458,5,Laut,V5,
2459,5,Laut,V5,
2460,5,Laut,V5,
2461,5,Laut,V5,
2462,5,Laut,V5,
2463,5,Laut,V5,
2464,5,Laut,V5,
2465,5,Laut,V5,
2466,5,Laut,V5,
2467,5,Laut,V5,
2468,5,Laut,V5,
2469,5,Laut,V5,
2470,5,Laut,V5,
2471,5,Laut,V5,
2472,5,Laut,V5,
2473,5,Laut,V5,
2474,5,Laut,V5,
2475,5,Laut,V5,
2476,5,Laut,V5,
2477,5,Laut,V5,
2478,5,Laut,V5,
2479,5,Laut,V5,
2480,5,Laut,V5,
2481,5,Laut,V5,
2482,5,Laut,V5,
2483,5,Laut,V5,
2484,5,Laut,V5,
2485,5,Laut,V5,
2486,5,Laut,V5,
2487,5,Laut,V5,
2488,5,Laut,V5,
2489,5,Laut,V5,
2490,5,Laut,V5,
2491,5,Laut,V5,
2492,5,Laut,V5,
2493,5,Laut,V5,
2494,5,Laut,V5,
2495,5,Laut,VALID,
2496,5,Laut,VALID,
2497,5,Laut,VALID,
2498,5,Laut,VALID,
2499,5,Laut,VALID,
2500,6,Danau,V5,
2501,6,Danau,V5,
2502,6,Danau,V5,
2503,6,Danau,V5,
2504,6,Danau,V5,
2505,6,Danau,V5,
2506,6,Danau,V5,
2507,6,Danau,V5,
2508,6,Danau,V5,
2509,6,Danau,V5,
2510,6,Danau,V5,
2511,6,Danau,V5,
2512,6,Danau,V5,
2513,6,Danau,V5,
2514,6,Danau,V5,
2515,6,Danau,V5,
2516,6,Danau,V5,
2517,6,Danau,V5,
2518,6,Danau,V5,
2519,6,Danau,V5,
2520,6,Danau,V5,
2521,6,Danau,V5,
2522,6,Danau,V5,
2523,6,Danau,V5,
2524,6,Danau,V5,
2525,6,Danau,V5,
2526,6,Danau,V5,
2527,6,Danau,V5,
2528,6,Danau,V5,
2529,6,Danau,V5,
2530,6,Danau,VALID,
2531,6,Danau,V5,
2532,6,Danau,V5,
2533,6,Danau,V5,
2534,6,Danau,V5,
2535,6,Danau,V5,
2536,6,Danau,V5,
2537,6,Danau,V5,
2538,6,Danau,V5,
2539,6,Danau,V5,
2540,6,Danau,V5,
2541,6,Danau,V5,
2542,6,Danau,V5,
2543,6,Danau,V5,
2544,6,Danau,V5,
2545,6,Danau,V5,
2546,6,Danau,V5,
2547,6,Danau,V5,
2548,6,Danau,V5,
2549,6,Danau,V5,
2550,6,Danau,V5,
2551,6,Danau,V5,
2552,6,Danau,VALID,
2553,6,Danau,VALID,
2554,6,Danau,VALID,
2555,6,Danau,VALID,
2556,6,Danau,VALID,
2557,6,Danau,VALID,
2558,6,Danau,VALID,
2559,6,Danau,VALID,
2560,6,Danau,VALID,
2561,6,Danau,VALID,
2562,6,Danau,VALID,
2563,6,Danau,VALID,
2564,6,Danau,VALID,
2565,6,Danau,VALID,
2566,6,Danau,VALID,
2567,6,Danau,VALID,
2568,6,Danau,V5,
2569,6,Danau,V5,
2570,6,Danau,V5,
2571,6,Danau,VALID,
2572,6,Danau,V5,
2573,6,Danau,V5,
2574,6,Danau,V5,
2575,6,Danau,V5,
2576,6,Danau,V5,
2577,6,Danau,VALID,
2578,6,Danau,VALID,
2579,6,Danau,VALID,
2580,6,Danau,V5,
2581,6,Danau,VALID,
2582,6,Danau,VALID,
2583,6,Danau,VALID,
2584,6,Danau,VALID,
2585,6,Danau,VALID,
2586,6,Danau,VALID,
2587,6,Danau,VALID,
2588,6,Danau,VALID,
2589,6,Danau,VALID,
2590,6,Danau,VALID,
2591,6,Danau,VALID,
2592,6,Danau,VALID,
2593,6,Danau,VALID,
2594,6,Danau,VALID,
2595,6,Danau,VALID,
2596,6,Danau,VALID,
2597,6,Danau,VALID,
2598,6,Danau,VALID,
2599,6,Danau,VALID,
2600,6,Danau,VALID,
2601,6,Danau,VALID,
2602,6,Danau,VALID,
2603,6,Danau,VALID,
2604,6,Danau,VALID,
2605,6,Danau,VALID,
2606,6,Danau,VALID,
2607,6,Danau,VALID,
2608,6,Danau,VALID,
2609,6,Danau,VALID,
2610,6,Danau,VALID,
2611,6,Danau,VALID,
2612,6,Danau,VALID,
2613,6,Danau,VALID,
2614,6,Danau,VALID,
2615,6,Danau,VALID,
2616,6,Danau,VALID,
2617,6,Danau,VALID,
2618,6,Danau,VALID,
2619,6,Danau,VALID,
2620,6,Danau,VALID,
2621,6,Danau,VALID,
2622,6,Danau,VALID,
2623,6,Danau,VALID,
2624,6,Danau,VALID,
2625,6,Danau,VALID,
2626,6,Danau,VALID,
2627,6,Danau,VALID,
2628,6,Danau,VALID,
2629,6,Danau,VALID,
2630,6,Danau,VALID,
2631,6,Danau,VALID,
2632,6,Danau,VALID,
2633,6,Danau,VALID,
2634,6,Danau,VALID,
2635,6,Danau,VALID,
2636,6,Danau,VALID,
2637,6,Danau,VALID,
2638,6,Danau,VALID,
2639,6,Danau,VALID,
2640,6,Danau,VALID,
2641,6,Danau,VALID,
2642,6,Danau,VALID,
2643,6,Danau,VALID,
2644,6,Danau,VALID,
2645,6,Danau,VALID,
2646,6,Danau,VALID,
2647,6,Danau,VALID,
2648,6,Danau,VALID,
2649,6,Danau,VALID,
2650,6,Danau,VALID,
2651,6,Danau,VALID,
2652,6,Danau,VALID,
2653,6,Danau,VALID,
2654,6,Danau,VALID,
2655,6,Danau,VALID,
2656,6,Danau,VALID,
2657,6,Danau,VALID,
2658,6,Danau,VALID,
2659,6,Danau,VALID,
2660,6,Danau,VALID,
2661,6,Danau,VALID,
2662,6,Danau,VALID,
2663,6,Danau,VALID,
2664,6,Danau,VALID,
2665,6,Danau,VALID,
2666,6,Danau,VALID,
2667,6,Danau,VALID,
2668,6,Danau,VALID,
2669,6,Danau,VALID,
2670,6,Danau,VALID,
2671,6,Danau,VALID,
2672,6,Danau,VALID,
2673,6,Danau,VALID,
2674,6,Danau,VALID,
2675,6,Danau,VALID,
2676,6,Danau,VALID,
2677,6,Danau,VALID,
2678,6,Danau,VALID,
2679,6,Danau,VALID,
2680,6,Danau,VALID,
2681,6,Danau,VALID,
2682,6,Danau,VALID,
2683,6,Danau,VALID,
2684,6,Danau,VALID,
2685,6,Danau,VALID,
2686,6,Danau,VALID,
2687,6,Danau,VALID,
2688,6,Danau,VALID,
2689,6,Danau,VALID,
2690,6,Danau,VALID,
2691,6,Danau,VALID,
2692,6,Danau,VALID,
2693,6,Danau,VALID,
2694,6,Danau,VALID,
2695,6,Danau,VALID,
2696,6,Danau,VALID,
2697,6,Danau,VALID,
2698,6,Danau,VALID,
2699,6,Danau,VALID,
2700,6,Danau,VALID,
2701,6,Danau,VALID,
2702,6,Danau,VALID,
2703,6,Danau,VALID,
2704,6,Danau,VALID,
2705,6,Danau,V5,
2706,6,Danau,VALID,
2707,6,Danau,V5,
2708,6,Danau,V5,
2709,6,Danau,V5,
2710,6,Danau,VALID,
2711,6,Danau,VALID,
2712,6,Danau,VALID,
2713,6,Danau,VALID,
2714,6,Danau,VALID,
2715,6,Danau,VALID,
2716,6,Danau,VALID,
2717,6,Danau,VALID,
2718,6,Danau,V5,
2719,6,Danau,V5,
2720,6,Danau,VALID,
2721,6,Danau,VALID,
2722,6,Danau,VALID,
2723,6,Danau,VALID,
2724,6,Danau,VALID,
2725,6,Danau,VALID,
2726,6,Danau,VALID,
2727,6,Danau,VALID,
2728,6,Danau,VALID,
2729,6,Danau,VALID,
2730,6,Danau,VALID,
2731,6,Danau,VALID,
2732,6,Danau,VALID,
2733,6,Danau,VALID,
2734,6,Danau,VALID,
2735,6,Danau,VALID,
2736,6,Danau,VALID,
2737,6,Danau,VALID,
2738,6,Danau,VALID,
2739,6,Danau,VALID,
2740,6,Danau,VALID,
2741,6,Danau,VALID,
2742,6,Danau,VALID,
2743,6,Danau,VALID,
2744,6,Danau,VALID,
2745,6,Danau,VALID,
2746,6,Danau,VALID,
2747,6,Danau,VALID,
2748,6,Danau,VALID,
2749,6,Danau,VALID,
2750,6,Danau,VALID,
2751,6,Danau,VALID,
2752,6,Danau,VALID,
2753,6,Danau,VALID,
2754,6,Danau,VALID,
2755,6,Danau,VALID,
2756,6,Danau,VALID,
2757,6,Danau,VALID,
2758,6,Danau,VALID,
2759,6,Danau,VALID,
2760,6,Danau,VALID,
2761,6,Danau,VALID,
2762,6,Danau,VALID,
2763,6,Danau,VALID,
2764,6,Danau,VALID,
2765,6,Danau,VALID,
2766,6,Danau,VALID,
2767,6,Danau,VALID,
2768,6,Danau,VALID,
2769,6,Danau,VALID,
2770,6,Danau,VALID,
2771,6,Danau,VALID,
2772,6,Danau,VALID,
2773,6,Danau,VALID,
2774,6,Danau,VALID,
2775,6,Danau,VALID,
2776,6,Danau,VALID,
2777,6,Danau,VALID,
2778,6,Danau,VALID,
2779,6,Danau,VALID,
2780,6,Danau,VALID,
2781,6,Danau,VALID,
2782,6,Danau,VALID,
2783,6,Danau,V5,
2784,6,Danau,VALID,
2785,6,Danau,VALID,
2786,6,Danau,V5,
2787,6,Danau,V5,
2788,6,Danau,VALID,
2789,6,Danau,VALID,
2790,6,Danau,VALID,
2791,6,Danau,VALID,
2792,6,Danau,VALID,
2793,6,Danau,VALID,
2794,6,Danau,VALID,
2795,6,Danau,VALID,
2796,6,Danau,V5,
2797,6,Danau,VALID,
2798,6,Danau,VALID,
2799,6,Danau,V5,
2800,6,Danau,VALID,
2801,6,Danau,V5,
2802,6,Danau,V5,
2803,6,Danau,V5,
2804,6,Danau,V5,
2805,6,Danau,V5,
2806,6,Danau,V5,
2807,6,Danau,V5,
2808,6,Danau,V5,
2809,6,Danau,V5,
2810,6,Danau,V5,
2811,6,Danau,V5,
2812,6,Danau,V5,
2813,6,Danau,V5,
2814,6,Danau,V5,
2815,6,Danau,V5,
2816,6,Danau,V5,
2817,6,Danau,V5,
2818,6,Danau,V5,
2819,6,Danau,V5,
2820,6,Danau,V5,
2821,6,Danau,V5,
2822,6,Danau,V5,
